Time,Trend,Seasonal,Noise,Combined
1,54.13353592484131,140.60261029923004,0.022871804994863503,194.7590180290662
2,54.25392430312031,-93.9335834135528,10.454469400598793,-29.225189709833696
3,54.37588126847485,133.90572729916988,5.158950360709352,193.44055892835408
4,54.49937779551751,-44.56307178152443,2.80679783531854,12.743103849311623
5,54.62438485886084,-2.385652446632969,-4.069398847022249,48.169333565205626
6,54.750873433117405,45.80951419061812,-1.3275861328179754,99.23280149091755
7,54.87881449289976,136.25292729470948,0.8438791452959695,191.9756209329052
8,55.00817901282045,-46.62272756862156,-9.337958247590937,-0.9525068033920512
9,55.13893796749203,111.1448194061297,-2.243093698217469,164.04066367540426
10,55.271062331527084,135.91566305858248,7.196196455626646,198.3829218457362
11,55.40452307953814,-148.08684316161305,3.9492781221573323,-88.73304195991757
12,55.539291186137774,132.94108708880776,3.2042738337699745,191.6846521087155
13,55.675337625938525,44.26261641474541,0.8072041143638801,100.74515815504782
14,55.81263337355296,108.86890542262782,-10.74270882269061,153.93882997349016
15,55.95114940359364,94.61739571970406,2.5457228232211553,153.11426794651885
16,56.09085669067312,-35.01339896152433,-2.5156108576350773,18.561846871513712
17,56.231726209403945,35.47988300215267,4.194134963369669,95.90574417492627
18,56.37372893439869,-65.83313983880772,-0.6115628503811339,-10.070973754790167
19,56.5168358402699,43.342842364533475,2.28134492634367,102.14102313114704
20,56.66101790163014,6.35902288431096,0.9510070044734622,63.97104779041456
21,56.80624609309195,66.33899563045027,1.729038988638737,124.87428071218096
22,56.9524913892679,-118.21933394752102,-4.698351993333788,-65.96519455158692
23,57.099724764770556,125.91121767625904,-0.6158608820911406,182.39508155893847
24,57.24791719421246,140.86972833468496,-5.592694723366087,192.52495080553132
25,57.39703965220617,77.86806045699423,4.889126985705485,140.15422709490588
26,57.54706311336424,125.03057013460867,2.823684069173595,185.4013173171465
27,57.69795855229924,59.87476263926418,-2.5165239119274188,115.05619727963601
28,57.84969694362373,-61.684016501044674,7.2234729661101,3.389153408689152
29,58.00224926195024,-48.03027135249726,-3.656445323515742,6.315532585937239
30,58.15558648189135,-28.877458865408897,-1.4565123268124942,27.821615289669957
31,58.30967957805961,-17.183562922941462,-2.044475644193393,39.081641010924756
32,58.46449952506758,-59.538890510665425,-1.87551904027786,-2.9499100258757043
33,58.62001729752781,-143.8954287998267,-2.8820530841923753,-88.15746458649127
34,58.77620387005285,13.775518679406055,10.405840487555054,82.95756303701395
35,58.933030217255286,-64.50665129939291,2.3608311671255335,-3.212789915012094
36,59.09046731374765,-68.3549905230477,-8.279183458990323,-17.543706668290376
37,59.24848613414251,-63.118014867860936,-1.0431349402470007,-4.912663673965426
38,59.407057653052405,111.0313511419526,1.5057818844019615,171.94419067940694
39,59.56615284508992,-61.96545760294616,1.4793578043519493,-0.9199469535042932
40,59.72574268486759,-44.256229916127396,0.6027702878918817,16.072283056632077
41,59.88579814699798,-149.1075943526821,-0.7262151826516693,-89.94801138833579
42,60.046290206093644,-43.376476431532076,-6.626848774741302,10.042964999820267
43,60.20718983676714,57.91478260395883,10.204144122042969,128.32611656276893
44,60.36846801363103,95.77469567809068,-2.182365447304085,153.96079824441765
45,60.53009571129787,-22.729412039229185,2.5559769257509775,40.35666059781966
46,60.6920439043802,67.06110128265632,-6.224405796453042,121.52873939058348
47,60.8542835674906,71.86564166633136,1.9796236805570233,134.69954891437897
48,61.01678567524161,-148.6189169502477,-2.917814381062994,-90.51994565606908
49,61.1795212022458,-55.221212219355564,2.967417426877703,8.92572640976794
50,61.34246112311572,78.06457958863186,0.4920210388154425,139.89906175056302
51,61.505576412463924,-25.513841740320856,2.0731641657029742,38.064898837846044
52,61.66883804490297,65.90540967139955,-1.5362439905608056,126.03800372574172
53,61.83221699504543,77.96789501753433,-5.852284069140134,133.94782794343962
54,61.99568423750383,52.935141526895386,0.6002352753812725,115.53106103978048
55,62.159210746890764,-149.22073829868611,8.59656950611593,-78.46495804567942
56,62.32276749781875,134.4582191433944,-0.6398691381328951,196.14111750308024
57,62.48632546490038,15.457158445339772,-2.47598780389192,75.46749610634824
58,62.64985562274819,-18.88613976960706,-3.887397244416031,39.87631860872511
59,62.813328945974746,77.97684721837267,-1.2841056148823176,139.5060705494651
60,62.9767164091926,-17.95611785978262,7.571550549715597,52.59214909912558
61,63.13998898701431,96.34990670657217,-1.5940982653292395,157.89579742825723
62,63.30311765405243,74.2708944262412,-1.1874907423516912,136.38652133794196
63,63.466073384919525,48.572069750059924,-4.3536955707741605,107.68444756420529
64,63.62882715422814,75.9903457968575,5.05818274283052,144.67735569391616
65,63.79134993659084,21.928670434098308,-5.427278249440752,80.29274212124841
66,63.953612706620184,-139.40982906668734,1.373125981865076,-74.08309037820207
67,64.11558643892872,-34.03572605825437,8.62720846650382,38.707068847178164
68,64.27724210812902,-147.29867453387254,-10.129494448965954,-93.15092687470948
69,64.43855068883363,-147.74087375873228,9.464313828077044,-73.83800924182161
70,64.5994831556551,71.92138331963305,-4.737759523792286,131.78310695149585
71,64.76001048320599,135.04272816471246,-4.332804996777361,195.46993365114108
72,64.92010364609888,-147.31970592257036,2.749597958511271,-79.65000431796021
73,65.07973361894629,-147.29457442990537,0.5219263154329874,-81.69291449552608
74,65.2388713763608,-147.79865456421612,2.7248849693373147,-79.834898218518
75,65.39748789295497,-20.94362248383974,-3.4020983249850754,41.051767084130155
76,65.55555414334135,-52.863614109937714,0.7802237005377637,13.472163733941404
77,65.7130411021325,-61.57355828474518,1.495225249735225,5.634708067122536
78,65.86991974394094,131.51231409593652,-0.5347876479235183,196.84744619195396
79,66.02616104337929,119.7113797076721,-4.88751582545538,180.850024925596
80,66.18173597506008,-54.99950304513962,5.342936412146389,16.52516934206685
81,66.33661551359585,30.484718963298715,0.7041193449453536,97.52545382183992
82,66.49077063359917,74.5635509272216,-3.114080164043617,137.94024139677714
83,66.64417230968259,138.61292001016352,-1.4146216560592497,203.84247066378686
84,66.7967915164587,-54.305525661514125,7.080702608839154,19.571968463783726
85,66.94859922854,68.04178387222812,-8.268343094297775,126.72204000647035
86,67.0995664205391,81.14495079482796,7.6488009687473175,155.89331818411438
87,67.24966406706852,113.18408482086568,2.1349812187731545,182.56873010670736
88,67.39886314274085,-0.6249202936309075,-9.102271270035294,57.67167157907465
89,67.54713462216861,140.92562599333507,-6.369055304465053,202.10370531103862
90,67.69444947996439,9.205536475271913,5.268866512897857,82.16885246813416
91,67.84077869074072,-147.89736071293657,10.945262241221174,-69.11131978097468
92,67.98609322911018,-51.23735843657987,-0.4433305274854792,16.305404265044835
93,68.13036406968531,-90.19646542027155,-4.151206048843906,-26.217307399430144
94,68.27356218707867,-148.51240804283228,-5.965288491176429,-86.20413434693003
95,68.41565855590281,-29.97194992624179,4.014881395100977,42.458590024761996
96,68.55662415077032,-97.74988700709244,-4.637569180539078,-33.830832036861196
97,68.69642994629372,-60.920399300255305,5.4065600469937,13.182590693032115
98,68.83504691708558,50.22024847721086,-1.5504561355719557,117.50483925872449
99,68.97244603775846,104.0703497883477,-2.3257569207116497,170.7170389053945
100,69.10859828292492,73.49096313594767,6.743598620710975,149.34316003958355
101,69.2434746271975,17.31957779071633,2.5532792904269845,89.11633170834082
102,69.37704604518876,30.03380321201651,-5.294949174686152,94.11590008251912
103,69.50928351151127,-59.67360860087764,-6.038296220587044,3.7973786900465845
104,69.6401580007776,25.442876754077048,2.2418230587567756,97.32485781361143
105,69.76964048760027,90.99450655357735,1.5229342176501317,162.28708125882775
106,69.89770194659185,77.53546269390692,0.013459617395182049,147.44662425789394
107,70.02431335236491,69.10015285796088,3.4634007142501577,142.58786692457596
108,70.14944567953202,-82.30191436274148,2.6359684072237353,-9.516500275985727
109,70.27306990270569,-138.81973020325785,-3.362118182943331,-71.9087784834955
110,70.3951569964985,72.21806148227648,-9.660122839917575,132.9530956388574
111,70.51567793552302,49.95100733408408,7.38336462515596,127.85004989476306
112,70.6346036943918,36.75302238036185,4.789904869477096,112.17753094423075
113,70.75190524771739,-61.926298240055345,1.4589542632739456,10.284561270935988
114,70.86755357011234,-67.65041453368231,-8.196164071493005,-4.979025035062978
115,70.98151963618922,-41.132782348358255,-1.9619146156773066,27.886822672153656
116,71.09377442056059,77.52512530764585,4.2802688174207475,152.89916854562716
117,71.20428889783899,-63.25418586632248,2.3187181054824646,10.268821136998977
118,71.313034042637,36.76401262847179,-0.2343539879661908,107.8426926831426
119,71.41998082956715,-15.60345626165612,-5.055267850294145,50.76125671761689
120,71.52510023324203,85.59856056301348,0.789940489086863,157.91360128534237
121,71.62836322827417,-149.70897517539342,3.2027248845944998,-74.87788706252475
122,71.72974078927612,-39.75011131291462,6.165940390612141,38.145569866973645
123,71.82920389086047,-13.963386581569178,-1.6941013233330526,56.17171598595824
124,71.92672350763976,-22.65850272288492,-9.287135390406757,39.981085394348085
125,72.02227061422654,25.769340221287962,-3.0263615722986614,94.76524926321585
126,72.11581618523337,140.1962027526131,6.51553632400956,218.82755526185602
127,72.2073311952728,-23.986348574412332,2.5629843422710636,50.78396696313153
128,72.29678661895741,-93.38417855148147,1.9095682175678261,-19.17782371495623
129,72.38415343089974,118.46979912883539,-5.811790591740118,185.04216196799504
130,72.46940260571235,-137.36919766315722,0.8386066204501527,-64.06118843699473
131,72.55250511800779,77.13548907456463,2.8558373333695855,152.543831525942
132,72.63343194239864,-64.84861190494418,-3.6067848480316216,4.178035189422845
133,72.71215405349743,32.69995176726308,2.824147458847098,108.2362532796076
134,72.78864242591672,-42.8397482771789,5.595483852843988,35.54437800158181
135,72.86286803426907,-107.54708800210518,-10.44729750077615,-45.131517468612266
136,72.93480185316706,-137.13475209813762,-3.6215439419405717,-67.82149418691114
137,73.00441485722322,-127.28358571998176,6.746889610093214,-47.53228125266532
138,73.0716780210501,71.25663846563067,5.7164504430643435,150.0447669297451
139,73.13656231926029,-119.14190495042497,2.707495487640952,-43.297847143523725
140,73.19903872646634,127.8085900674138,-7.501103261775934,193.5065255321042
141,73.25907821728077,-67.40281949221642,-1.80258239533091,4.05367632973344
142,73.31665176631617,128.37615656962288,-2.4463129822586147,199.24649535368044
143,73.37173034818508,29.4624328710701,-1.9279709439880313,100.90619227526714
144,73.42428493750009,-136.7659179158159,3.7682977474362436,-59.57333523087956
145,73.47428650887372,110.19067137214101,9.445739613647126,193.11069749466188
146,73.52170603691853,-137.20589956986367,-6.140194598696833,-69.82438813164198
147,73.56651449624708,-67.51272731725821,2.3677896300225187,8.421576809011388
148,73.60868286160617,71.99853084328848,-2.844866785666583,142.76234691922807
149,73.64819480310396,104.34779990511771,-1.3804174786155985,176.61557722960606
150,73.68508146816806,62.103020925138026,-5.764034041884317,130.02406835142176
151,73.71938510061524,-15.729652759761038,8.123372459095622,66.11310479994982
152,73.7511479442623,54.2212393531117,1.658941019594446,129.63132831696845
153,73.780412242926,-129.46086900552655,-3.154908319341169,-58.83536508194171
154,73.80722024042313,135.45067442816068,-2.465171783044952,206.79272288553886
155,73.83161418057047,-137.28740301556775,2.6592214050429366,-60.796567429954344
156,73.85363630718479,71.21551885432665,0.34074335196382843,145.40989851347527
157,73.8733288640829,73.90283676838465,2.332860114254111,150.10902574672167
158,73.89073409508154,-5.636885990683716,-4.294801461896906,63.95904664250092
159,73.90589424399751,15.582099787267744,-2.8215411950337708,86.66645283623149
160,73.91885155464762,60.635292500322265,7.501916796959174,142.05606085192903
161,73.9296482708486,140.39776155697825,-1.9510083262685025,212.37640150155835
162,73.93832663641726,-131.0926944132469,0.9775412809519497,-56.1768264958777
163,73.94492889517036,70.85403403514823,-4.742989683930057,140.05597324638853
164,73.9494972909247,-132.460824171049,-0.859312037899427,-59.370638918023744
165,73.95207406749707,-35.60292056214564,1.4209985914411853,39.77015209679261
166,73.95270146870422,-76.09495074479058,4.583082228968582,2.4408329528822215
167,73.95142173836294,-145.26104685054253,2.445550054846335,-68.86407505733325
168,73.94827712029002,78.14504488459605,-7.436784831783594,144.65653717310246
169,73.94330985830224,77.93851960545769,1.1502287541349088,153.03205821789481
170,73.93656219621639,40.24801592705205,1.1561016470978998,115.34067977036634
171,73.92807637784922,133.79591903428602,2.465067447175688,210.18906285931095
172,73.91789464701753,76.52531537731282,-6.7151949977659795,143.72801502656438
173,73.90605924753812,-126.1433813821327,2.838833068270793,-49.39848906632378
174,73.89261242322773,-40.36205161636471,0.8755525283601906,34.40611333522321
175,73.87759641790318,116.33119923995332,5.804360891322198,196.01315654917872
176,73.8610534753812,-15.586616224769287,-5.082759924946538,53.191677325665374
177,73.84302583947863,-21.969388797908984,2.7459851980750005,54.61962223964464
178,73.8235557540122,-142.9500858293414,-5.997573506385606,-75.12410358171479
179,73.8026854627987,-140.32911152419675,-0.26791722005697155,-66.79434328145501
180,73.78045720965495,-56.01522465655733,-0.8141649741513276,16.951067578946297
181,73.7569132383977,132.0659065234581,4.375784290376699,210.19860405223247
182,73.73209579284372,-123.82447275163375,6.864276545145092,-43.22810041364494
183,73.70604711680983,41.2845233156479,-2.886923673851173,112.10364675860656
184,73.67880945411277,20.47108322878098,-6.117142656459211,88.03275002643454
185,73.65042504856933,-89.65643253001518,-0.5850831249010683,-16.591090606346917
186,73.6209361439963,17.436953520033605,1.6014466792177193,92.65933634324763
187,73.59038498421046,-66.46802185995864,-3.1343418619532364,3.988021262298583
188,73.55881381302858,-102.49798456385116,5.582596396598246,-23.356574354224335
189,73.52626487426747,-149.7408571013326,-4.818399660988824,-81.03299188805397
190,73.49278041174387,-27.2752272397383,8.724333355351593,54.941886527357156
191,73.45840266927456,-131.09109431067944,-3.3909015593573177,-61.02359320076219
192,73.42317389067635,91.44093761283597,-2.5995090971229393,162.2646024063894
193,73.38713631976603,-30.637942153471293,0.3808372792256864,43.13003144552042
194,73.35033220036034,23.2867968632006,-0.7457629617789563,95.89136610178198
195,73.3128037762761,120.61013866529464,-0.753169351873789,193.16977308969695
196,73.27459329133006,140.48122870632852,4.848653549297519,218.6044755469561
197,73.23574298933902,-63.35439140886734,-6.528965944204385,3.3523856362672877
198,73.19629511411975,-54.66982590240156,5.320789323035637,23.847258534753824
199,73.15629190948903,40.57680648072162,-3.544273268737045,110.1888251214736
200,73.11577561926364,-146.07296092282434,0.3522443879480663,-72.60494091561263
201,73.07478848726036,61.87014125586045,1.1604396220209339,136.10536936514174
202,73.033372757296,-149.75519528666618,-0.6283590236273306,-77.35018155299751
203,72.99157067318728,-49.746031988817734,4.417985068832545,27.663523753202092
204,72.94942447875103,-61.09060134167445,-0.9169155913849931,10.941907545691583
205,72.90697641780403,140.75725117020886,-6.019994622460121,207.64423296555276
206,72.86426873416305,75.38945084497314,1.9787277052671088,150.23244728440332
207,72.82134367164484,139.77982613641464,-0.8504633107279167,211.75070649733155
208,72.77824347406623,-35.21511234027736,5.031568416194051,42.59469954998292
209,72.73501038524398,-141.9402049439839,-2.0497388256546376,-71.25493338439456
210,72.69168664899486,33.75330011770939,-0.2562656063450854,106.18872116035917
211,72.64831450913566,-132.888501815729,-1.9844176587363196,-62.22460496532966
212,72.60493620948317,-7.506694452933644,1.9271718068933898,67.02541356344291
213,72.56159399385415,67.50661013749723,-7.438480721131653,132.62972341021973
214,72.51833010606539,-65.78802669910128,6.6701183814199405,13.400421788384051
215,72.47518678993367,73.53991135011373,4.183762039134998,150.1988601791824
216,72.4322062892758,-63.98005548674111,-1.3956668249196127,7.056483977615076
217,72.3894308479085,110.77162393121593,1.3007068539479965,184.4617616330724
218,72.3469027096486,-53.09240016768709,-1.5418255808554353,17.71267696110608
219,72.30466411831286,-60.52556442949816,-8.676993115347738,3.1021065734669584
220,72.26275731771807,-149.51466906850015,3.0431555784242525,-74.20875617235784
221,72.221224551681,-63.08156966257114,1.7710102452151222,10.910665134324985
222,72.18010806401844,140.6603154673707,1.4663689368895036,214.30679246827864
223,72.13945009854717,-149.7538520845015,4.295608662790472,-73.31879332316385
224,72.09929289908396,63.25944448784224,-4.482136904674424,130.87660048225177
225,72.0596787094456,-90.04417979344925,-1.5202699306541816,-19.50477101465782
226,72.02064977344887,51.88365342427939,0.5990775900922928,124.50338078782055
227,71.98224833491052,115.10621029334737,6.833306960015386,193.9217655882733
228,71.94451663764741,-144.73482961778615,-7.359015232184126,-80.14932821232286
229,71.90749692547624,-61.577185455056096,1.2492409035559284,11.579552373976071
230,71.87122645067392,-67.08420906344271,-0.8493189920735884,3.937698395157614
231,71.83571349097664,-49.70302416805208,1.0842609197103144,23.216950242634876
232,71.80095589559573,77.39104003714058,0.3181624151843586,149.51015834792068
233,71.76695149995184,77.9307438736183,0.17935812147548677,149.8770534950456
234,71.73369813946559,109.47550084927246,-4.93800271198778,176.27119627675026
235,71.70119364955765,-24.37212128391912,8.638731176967484,55.96780354260601
236,71.66943586564864,63.36533314085584,-1.532647684757588,133.50212132174687
237,71.63842262315922,-5.973756883092733,-2.5398444431049545,63.12482129696153
238,71.60815175750999,70.60269392005375,-5.332288401127193,136.87855727643654
239,71.57862110412164,-81.10499696090308,5.430934285939522,-4.09544157084192
240,71.54982849841478,63.73616578321102,2.5252558150463784,137.81125009667215
241,71.52177177581007,71.10087453228634,1.3210041910067594,143.94365049910317
242,71.49444877172812,40.34994418520154,-5.437963922549038,106.40642903438061
243,71.4678573215896,-65.25322221296688,1.0789993011689594,7.293634409791689
244,71.44199526081513,-67.03807264219768,-0.7671153625697059,3.6368072560477516
245,71.41686042482536,-45.873241142339175,-1.2561714602892378,24.287447822196945
246,71.39245064904095,115.17849817941118,0.6978337436214715,187.26878257207358
247,71.3687637688825,-45.85432364468624,4.395866598312959,29.910306722509223
248,71.3457976197707,51.669736613744405,0.053584716268604796,123.06911894978371
249,71.32355003712614,25.423274395475346,-0.4167302733040619,96.33009415929742
250,71.30201885636951,-108.82309802572841,-5.9208935485036545,-43.441972717862555
251,71.28120191292142,-21.22978060026844,4.011655174479083,54.06307648713206
252,71.2610970422025,-135.13827877683713,-3.0682675984231005,-66.94544933305774
253,71.24170207963341,47.54325244046866,4.714077397759424,123.4990319178615
254,71.22301486063479,16.80302585688031,-3.5860065851396303,84.44003413237547
255,71.20503322062729,76.1837984325131,3.84508499688671,151.23391665002708
256,71.18775499503153,50.64315006954322,1.6761568466247951,123.50706191119954
257,71.17117801926815,1.6004064103106828,-5.534669527483509,67.23691490209532
258,71.1553001287578,-19.48010296670803,-3.94986254133926,47.72533462071051
259,71.14011915892114,11.211954840410975,6.70395429288002,89.05602829221212
260,71.12563294517878,-24.12869584779343,-2.072135987543392,44.92480110984196
261,71.11183932295135,-43.29043028075549,3.6100651324108917,31.43147417460676
262,71.09873612765956,61.44494112822683,0.4954846045415703,133.03916186042795
263,71.08632119472398,18.954221118179344,-5.427835691646589,84.61270662125673
264,71.07459235956529,2.3793235100411323,1.489289785771779,74.9432056553782
265,71.06354745760409,32.81098343177092,-0.42978056478190046,103.4447503245931
266,71.05318432426105,24.107268400669327,0.9784920440277302,96.13894476895811
267,71.0435007949568,-105.52809733988525,2.0763536844328914,-32.40824286049556
268,71.034494705112,-62.480586920400114,0.9885284800996931,9.542436264811576
269,71.02616389014727,67.75880875039789,-8.009263275387678,130.7757093651575
270,71.01850618548326,57.580358952919205,1.5462165079667363,130.1450816463692
271,71.01151942654063,98.91726769832731,6.831625481991703,176.76041260685963
272,71.00520144873998,-67.05270630787109,-0.20151043379632672,3.750984707072564
273,70.99955008750197,-131.04571637242785,-0.7448013025250945,-60.79096758745097
274,70.99456317824725,-3.520714047585706,-1.3495456119576232,66.12430351870391
275,70.99023855639643,75.7660422212034,-2.5668524753104816,144.18942830228937
276,70.9865740573702,-64.38943897185156,-2.925174924201705,3.6719601613169393
277,70.98356751658916,17.826748007796397,3.5531976097290134,92.36351313411457
278,70.98121676947396,87.23124318831033,0.9834914976632144,159.1959514554475
279,70.97951965144524,82.86491043021708,0.617820208659225,154.46225029032155
280,70.97847399792366,103.67839317624178,1.9173604145221486,176.57422758868756
281,70.97807764432984,-147.82873257312718,-1.1088398780109279,-77.95949480680827
282,70.97832842608442,-144.33738047816985,1.4941332765108906,-71.86491877557454
283,70.97922417860808,-149.66388402441504,-4.67096671254134,-83.3556265583483
284,70.98076273732138,77.2625852076012,-2.9036933283914443,145.33965461653113
285,70.98294193764504,-30.609174860857152,3.250136012838441,43.623903089626324
286,70.98575961499967,-75.78029334958723,2.5680461410045,-2.22648759358306
287,70.98921360480588,-88.62281779890903,1.304017953101126,-16.329586241002016
288,70.99330174248436,-67.50220089664478,-1.8115532928878568,1.6795475529517259
289,70.99802186345573,-47.77159847055978,0.11773221891651514,23.344155611812468
290,71.00337180314062,-67.24084776379127,-1.1619119302899985,2.6006121090593597
291,71.0093493969597,-4.299190245004109,-2.2116281057313456,64.49853104622424
292,71.0159524803336,-66.93067523719168,7.543892050572645,11.629169293714561
293,71.02317888868295,-66.94215313192313,-8.544427588439978,-4.463401831680164
294,71.03102645742838,-121.85833502199867,2.6706960015491976,-48.15661256302109
295,71.03949302199055,8.548546095403637,1.457306027580689,81.04534514497487
296,71.04857641779012,-58.83892689464322,-1.0109937862971348,11.198655736849759
297,71.05827448024768,-55.811746137246196,2.376908668418031,17.62343701141951
298,71.06858504478389,-67.4255415556469,-2.903365422606996,0.7396780665299896
299,71.07950594681941,-14.969553349875468,0.6450353813711432,56.754987978315086
300,71.09103502177487,17.97795844018718,-4.029544032929522,85.03944942903253
301,71.10317010507092,-132.07233018430378,10.977784398630597,-49.99137568060227
302,71.11590903212816,70.93818674745734,-4.74124830725766,137.31284747232786
303,71.12924963836728,-58.40995917261505,-3.952225140513262,8.767065325238969
304,71.14318975920891,-71.91864567754564,5.157125278648271,4.381669360311539
305,71.15772723007368,63.46294815078646,-4.462012005792096,130.15866337506802
306,71.17285988638223,-26.99391292425102,-5.616747982152352,38.56219897997885
307,71.1885855635552,-52.01957142712827,4.103727493547239,23.272741629974163
308,71.20490209701322,17.115874887388216,4.953966794312871,93.27474377871431
309,71.22180732217697,-106.27299690883746,9.236614572525866,-25.81457501413462
310,71.23929907446704,-66.77666378947913,-10.31043699528667,-5.847801710298759
311,71.25737518930411,107.98518703840935,-5.582645139136417,173.65991708857703
312,71.27603350210882,-144.82012628019447,0.6676510753318209,-72.87644170275384
313,71.29527184830178,140.92802604974776,4.576994344739353,216.80029224278888
314,71.31508806330366,69.53719819399312,-4.0810838802792295,136.77120237701754
315,71.33547998253509,109.11759036641415,2.007948410030118,182.46101875897935
316,71.3564454414167,140.8968979704699,7.520605196477855,219.77394860836444
317,71.37798227536913,6.35628639248457,2.845047331410119,80.57931599926383
318,71.40008831981305,-148.04998527671708,-10.405614913746255,-87.05551187065029
319,71.42276141016906,-148.64146233248235,-7.506200451929384,-84.72490137424268
320,71.44599938185785,41.201083946744305,3.88517550983362,116.53225883843577
321,71.46980007030001,36.37349473102776,9.330299970939086,117.17359477226685
322,71.49416131091621,-141.72785619663023,-1.5102061132631284,-71.74390099897714
323,71.5190809391271,-66.90005611301653,-4.156023093793277,0.4630017323172835
324,71.54455679035328,82.49963294720426,5.379283048419417,159.42347278597694
325,71.57058670001544,3.620110485903048,-3.450888632429992,71.73980855348849
326,71.59716850353418,-66.23551669689002,-0.2116394087197075,5.150012397924454
327,71.62430003633017,-36.048800268032196,-3.1907892924790042,32.38471047581897
328,71.65197913382404,-52.99455748641151,-0.9189031979681853,17.73851844944435
329,71.68020363143641,-52.39608252950069,3.4682903023229743,22.752411404258698
330,71.70897136458794,-61.841168413372145,2.940048335580687,12.807851286796481
331,71.73828016869929,-149.33363731352665,0.8876917042081498,-76.70766544061921
332,71.76812787919107,-114.4603726821454,-1.1376918082126173,-43.82993661116695
333,71.79851233148392,48.09331781777741,-0.7516362140865032,119.14019393517482
334,71.82943136099851,26.36309070026503,-6.853902826334486,91.33861923492906
335,71.86088280315545,-63.46117483783339,2.1243469394995804,10.52405490482164
336,71.89286449337538,77.86797481984235,-1.6937719147978767,148.06706739841985
337,71.925374267079,-124.75785097832113,6.050024084468989,-46.78245262677315
338,71.95840995968686,31.78130154112268,5.364403969383289,109.10411547019282
339,71.99196940661966,-114.80925644397209,-2.3037207931244517,-45.121007830476884
340,72.02605044329803,95.46572231889745,0.7852569420815773,168.27702970427706
341,72.06065090514261,71.52563612318067,-8.78353584190741,134.80275118641586
342,72.09576862757403,47.45649096604757,-1.1251448682827856,118.42711472533881
343,72.13140144601293,99.29039915854091,0.7335126390743236,172.15531324362814
344,72.16754719587996,41.761249513393054,2.5514886355138406,116.48028534478685
345,72.20420371259578,-43.5311835965198,4.501903449989393,33.174923566065374
346,72.241368831581,9.577729630151463,-3.934227255165073,77.8848712065674
347,72.27904038825625,101.46400675555283,1.4545988360617725,175.19764597987083
348,72.31721621804223,-67.64468284006293,3.004975643015518,7.677509020994824
349,72.35589415635953,-130.39959196557032,2.8208067820748663,-55.22289102713593
350,72.39507203862878,-39.51217220903546,-6.196980680510221,26.685919149083098
351,72.43474770027066,-34.015540120614915,-5.321798350953647,33.0974092287021
352,72.4749189767058,70.55737778653042,1.846592550670296,144.8788893139065
353,72.5155837033548,-90.9579528801488,0.8436525775688749,-17.598716599225114
354,72.55673971563837,77.89122873692143,2.2650383163775483,152.71300676893733
355,72.5983848489771,-69.93271072657055,4.59277165865859,7.258445781065147
356,72.64051693879166,-127.66503519337115,-1.1826544537833155,-56.207172708362805
357,72.68313382050268,-48.750660864243535,-2.6281756305346398,21.3042973257245
358,72.72623332953079,-82.81333802469945,-0.6762777671089598,-10.763382462277622
359,72.76981330129664,100.38494949003099,0.8844852474930752,174.03924803882072
360,72.81387157122089,104.70285042574484,-4.477049090670864,173.03967290629484
361,72.85840597472412,76.23335077326598,0.45594273133908514,149.5476994793292
362,72.90341434722703,139.92102689573346,1.6255463177781566,214.44998756073863
363,72.94889452415023,-25.751958216147337,2.5193274302243838,49.71626373822728
364,72.9948443409144,36.68176960569532,4.069294648631763,113.74590859524149
365,73.04126163294012,93.5834413680974,3.116055350545083,169.7407583515826
366,73.08814423564809,19.38013100063793,-7.460942444407901,85.00733279187811
367,73.13548998445891,-53.870622332619135,-7.782573003150121,11.482294648689658
368,73.18329671479324,-143.95487608535853,6.658905509940539,-64.11267386062475
369,73.2315622620717,-44.197342732725005,-5.112073705149331,23.92214582419737
370,73.28028446171498,-60.87184866044165,1.347495857145263,13.755931658418598
371,73.32946114914367,63.31216810247498,10.208282889654567,146.8499121412732
372,73.37909015977843,-139.10021927185107,-2.1578374658543966,-67.87896657792705
373,73.4291693290399,-92.98025442463897,-2.4458853689338174,-21.996970464532893
374,73.47969649234871,-30.621980411925886,6.44700997001647,49.304726050439285
375,73.5306694851255,113.80898982903965,-9.707994336135192,177.63166497802996
376,73.58208614279094,124.42733486822053,-4.062081409636343,193.94733960137512
377,73.63394430076565,-65.69001603686353,6.533243303807211,14.477171567709334
378,73.68624179447026,7.906267133655348,-5.802909844838886,75.78959908328673
379,73.73897645932543,-97.9634026022652,0.47198527413125096,-23.752440868808527
380,73.7921461307518,-3.346461513386471,8.640382826146967,79.08606744351229
381,73.84574864417,-128.50651650221005,2.351862841400078,-52.30890501663997
382,73.89978183500067,-42.31137325538628,-1.1763609509178186,30.41204762869657
383,73.95424353866446,78.01927455062469,-9.728574631672151,142.24494345761698
384,74.009131590582,-6.07655062774603,4.088952498452821,72.0215334612888
385,74.06444382617393,98.44672422888337,4.582134376647954,177.09330243170524
386,74.12017808086091,54.761845514880044,-3.9829635584742578,124.8990600372667
387,74.17633219006356,-46.815784462557524,0.12187694415377097,27.48242467165981
388,74.23290398920253,-129.07067668353397,-8.539849241823545,-63.377621936154995
389,74.28989131369846,106.65445545235794,5.669875044547422,186.61422181060382
390,74.347291998972,23.079670082594983,6.674682518338028,104.10164459990501
391,74.40510388044376,-128.20795638681605,-2.718844763321073,-56.52169726969336
392,74.46332479353443,-82.64939243004403,2.634755357514857,-5.551312278994748
393,74.52195257366459,-31.823010816839783,1.5933596062417013,44.29230136306651
394,74.58098505625495,21.1672014752602,-10.033146635297163,85.71503989621799
395,74.64042007672607,-78.38797852450548,6.302377669366233,2.554819221586821
396,74.70025547049866,84.04982463991665,-0.6588952803029378,158.09118483011235
397,74.76048907299334,-42.11362345946414,-4.172483514244791,28.47438209928441
398,74.82111871963073,13.47600654139599,-6.215979834746606,82.08114542628012
399,74.88214224583149,-2.8473577486216612,11.097131930595502,83.13191642780532
400,74.94355748701625,42.35769699267596,2.30993503332042,119.61118951301262
401,75.00536227860567,136.8202287874753,4.453200131195365,216.27879119727632
402,75.06755445602039,21.681589525752145,-11.431341162505287,85.31780281926724
403,75.13013185468101,58.69325837587092,5.023938159282697,138.84732838983462
404,75.19309231000821,19.796969658541343,-4.092866581243146,90.89719538730641
405,75.25643365742263,-67.02246084144016,0.4758320428357461,8.709804858818215
406,75.32015373234489,4.510497823030683,-4.388679957934512,75.44197159744105
407,75.38425037019564,129.30672566094668,7.660500709084965,212.3514767402273
408,75.44872140639553,22.40455129825595,1.7448239581789537,99.59809666283044
409,75.51356467636519,103.73030479120065,-2.5767314542044177,176.66713801336144
410,75.57877801552526,-149.65130387264287,-1.7908183040591434,-75.86334416117676
411,75.64435925929638,135.59174508941874,0.4531577660676097,211.68926211478274
412,75.71030624309921,-113.29778484612518,5.1402745537636285,-32.44720404926234
413,75.77661680235438,-39.5373965930747,-3.452200643575253,32.787019565704426
414,75.84328877248251,-119.99772148628972,-2.6180371482162452,-46.772469862023456
415,75.91031998890426,50.69505005685351,-1.6237760667277508,124.98159397903002
416,75.97770828704027,-60.36679004126677,-0.819240073071452,14.791678172702053
417,76.04545150231118,-118.27691388016447,1.1032808797041158,-41.128181498149175
418,76.11354747013762,-112.01121905777629,1.9295081200220967,-33.96816346761657
419,76.18199402594026,84.9208909165682,8.24600430608225,169.34888924859072
420,76.2507890051397,-10.68111427254556,-3.411241247753741,62.158433484840394
421,76.3199302431566,-55.08012563132224,-4.535242608418703,16.704562003415663
422,76.3894155754116,56.69238356971941,3.7686170622664643,136.85041620739747
423,76.45924283732536,17.952858035917078,-7.907585668304043,86.5045152049384
424,76.52940986431851,36.07982584029583,2.1386861525189778,114.74792185713332
425,76.59991449181166,-90.31783349794507,1.6346396660191747,-12.08327934011424
426,76.67075455522549,-92.86087755708209,0.4251284777131131,-15.764994524143493
427,76.74192788998062,3.2585851194405677,1.29508613215928,81.29559914158047
428,76.8134323314977,-66.29568355823334,-1.6711738585308002,8.846574914733559
429,76.88526571519735,-91.99054784743971,-2.1968321560808883,-17.302114288323253
430,76.95742587650022,-37.60499014618565,5.369385841944525,44.7218215722591
431,77.02991065082699,-27.265719664700782,1.4412264104757089,51.205417396601916
432,77.10271787359825,7.065242562209818,-1.8488866739517422,82.31907376185633
433,77.17584538023466,61.69933485009217,2.370448464597888,141.24562869492473
434,77.24929100615687,-66.50548124223246,-2.6846986654846745,8.059111098439729
435,77.32305258678552,74.11708188579992,-7.436379033673152,144.0037554389123
436,77.39712795754122,58.4791949902413,0.08443442049336189,135.96075736827586
437,77.47151495384463,-52.13144691552242,0.28375691120044855,25.623824949522664
438,77.5462114111164,25.32088559552314,6.8870498940616685,109.75414690070122
439,77.62121516477715,-147.89990319639588,2.0770363439590165,-68.2016516876597
440,77.69652405024756,-33.92382985111838,0.6476486650693378,44.420342864198524
441,77.77213590294824,-91.25136526155109,-2.3643095478158767,-15.843538906418727
442,77.84804855829981,28.126309947568174,4.271356137345129,110.2457146432131
443,77.92425985172297,139.279961456054,-5.427845967121693,211.77637534065525
444,78.00076761863829,-148.4098933147611,-8.612962938754093,-79.0220886348769
445,78.07756969446649,-20.305575511028643,3.224122628986866,60.99611681242472
446,78.15466391462813,16.571625997286702,4.013809258640654,98.74009917055548
447,78.2320481145439,92.24535911786782,0.1583045073389688,170.63571173975072
448,78.30972012963444,4.926634713429507,5.706781235147566,88.94313607821151
449,78.38767779532037,-149.61918060035373,-2.2247491312041197,-73.45625193623748
450,78.46591894702235,-59.79246219598287,-2.091333800581741,16.582122950457734
451,78.544441420161,-147.57055893915384,-2.333797436864872,-71.35991495585772
452,78.62324305015697,136.19479762305835,-1.6409716807845218,213.17706899243078
453,78.70232167243093,-52.206029558573015,2.6992974236430824,29.195589537500993
454,78.78167512240347,-26.394561734932125,2.7194296705906464,55.106543058061995
455,78.86130123549526,-86.60162337294608,-1.1417478681737683,-8.882070005624586
456,78.94119784712693,-146.5951626321895,-0.40271627528018517,-68.05668106034275
457,79.02136279271912,-83.07364588875915,-2.160029363030451,-6.212312459070479
458,79.10179390769248,-144.68425539675172,0.25004000166811485,-65.33242148739113
459,79.18248902746767,71.68016628080122,2.9584849367371464,153.821140245006
460,79.26344598746527,-129.66371944641105,-2.269269308006192,-52.66954276695197
461,79.34466262310599,21.687132037269386,-1.7343597757977227,99.29743488457764
462,79.42613676981043,3.8801276193686007,2.2896221428050123,85.59588653198405
463,79.50786626299923,48.21206917835707,1.7148941590181774,129.43482960037448
464,79.58984893809304,-18.693040968288216,1.2589617297170979,62.155769699521926
465,79.67208263051252,28.62960892642333,-8.734361449123726,99.56733010781213
466,79.75456517567827,77.96595439378572,10.755543091421966,168.47606266088596
467,79.83729440901097,34.630561889246685,-2.296742826334356,112.1711134719233
468,79.92026816593123,-59.60252013207237,-4.744718885673004,15.573029148185858
469,80.00348428185971,14.210300287978242,-2.174138144398447,92.03964642543951
470,80.08694059221703,75.26830273814448,1.8972777700682149,157.25252110042976
471,80.17063493242387,-26.630859105217432,0.8556783735837836,54.39545420079022
472,80.25456513790081,5.7846540242320685,7.968905613379374,94.00812477551226
473,80.33872904406857,54.89942193377822,-4.517376074027694,130.72077490381912
474,80.42312448634772,140.9268234383042,-1.9558614350796053,219.39408648957232
475,80.50774930015895,19.012295872226915,-0.6998756233999084,98.82016954898596
476,80.59260132092285,-66.99408775621254,-2.583919927000756,11.01459363770956
477,80.6776783840601,-119.26243178387426,-1.5627638024078123,-40.14751720222198
478,80.76297832499132,-75.03630777473963,9.293850007525553,15.02052055777725
479,80.84849897913718,121.22565215099469,-2.7839873216791755,199.2901638084527
480,80.9342381819183,-7.604291805026659,1.6873173032832196,75.01726368017486
481,81.02019376875532,-58.03327345802367,-2.824715880567009,20.16220443016464
482,81.10636357506888,-143.9432867674052,-3.385509604857957,-66.22243279719427
483,81.19274543627962,-41.278803118122546,0.6686748203803321,40.58261713853741
484,81.27933718780818,96.33928498790735,-2.875781286498569,174.74284088921695
485,81.3661366650752,-30.80310357525719,6.693626969368178,57.25666005918619
486,81.45314170350133,-43.05894387063116,1.3826077350780308,39.7768055679482
487,81.54035013850722,130.82532363746031,-0.8482068010068117,211.5174669749607
488,81.62775980551349,-74.84158533302944,0.4280031579871693,7.214177630471219
489,81.7153685399408,-93.31017088510737,-3.0725672173456817,-14.667369562512253
490,81.80317417720975,-42.3412287828333,-6.770935803514152,32.69100959086231
491,81.89117455274102,3.546990174806658,9.543239566878615,94.98140429442628
492,81.97936750195525,-48.136121891680475,2.4174502318191005,36.26069584209388
493,82.06775086027307,134.98642506047955,-3.092077896738789,213.9620980240138
494,82.1563224631151,-36.4483295702659,-6.055839757119924,39.65215313572928
495,82.24508014590201,-142.4684741069492,-0.3801680868615782,-60.603562047908774
496,82.33402174405443,136.8432155632728,3.834401586597583,223.0116388939248
497,82.423145092993,-92.78072431334625,3.6117568405142584,-6.745822379839
498,82.51244802813838,-112.01801707929599,2.8810583824796243,-26.624510668677985
499,82.60192838491119,-112.2515444832668,-4.701388712245467,-34.351004810601076
500,82.69158399873206,68.769305481409,-0.9840075651464502,150.47688191499464
501,82.78141270502167,-112.29637935194378,-2.991788843239857,-32.50675549016198
502,82.87141233920062,60.51983360019306,-1.083102043554029,142.30814389583966
503,82.96158073668956,-126.27012438780713,2.7915306769503503,-40.51701297416722
504,83.05191573290915,-66.01618710601936,9.20803252454134,26.24376115143113
505,83.14241516328002,-115.4989816243924,-4.877697442834755,-37.23426390394714
506,83.23307686322279,138.78086369769727,-8.248100786419876,213.76583977450017
507,83.32389866815814,-43.597916491040024,4.760761896264011,44.48674407338213
508,83.41487841350667,-67.1035791763567,1.8498598547972531,18.16115909194722
509,83.50601393468907,-43.59793353860938,-2.9750170651738657,36.93306333090582
510,83.59730306712594,30.653393376783804,-0.8400093621632421,113.41068708174649
511,83.68874364623791,-66.1803561956105,3.179120764614262,20.68750821524167
512,83.78033350744566,90.67431890940071,1.5101047253209499,175.96475714216734
513,83.87207048616983,116.43099789515404,0.8738087383411078,201.17687711966497
514,83.96395241783102,-18.64949925175508,-3.528789880974411,61.78566328510153
515,84.0559771378499,76.39576965220233,3.811832964421889,164.2635797544741
516,84.1481424816471,72.1856616207708,-5.488545986643589,150.8452581157743
517,84.24044628464328,109.56491540297613,0.7294918030110122,194.5348534906304
518,84.33288638225906,-129.5327569170562,0.04392618822667429,-45.15594434657045
519,84.4254606099151,139.79294795628573,-2.618209646410929,221.6001989197899
520,84.51816680303203,17.64578997650588,1.3718447949014503,103.53580157443936
521,84.61100279703047,95.7017149606468,4.5024955731602185,184.81521333083748
522,84.70396642733108,-60.46563599366745,0.7156040635190414,24.953934497182676
523,84.79705552935451,-127.12788632202648,3.7962731988867904,-38.53455759378519
524,84.89026793852139,28.438661853648313,0.7597928899047974,114.0887226820745
525,84.98360149025237,-65.87495669849102,-11.847001551359094,7.261643240402256
526,85.07705401996806,-134.0517664903341,-1.7066644044123382,-50.68137687477838
527,85.17062336308915,-33.381157327029925,3.844666578602738,55.634132614661965
528,85.26430735503624,-48.28868465157871,1.7601025909890602,38.73572529444658
529,85.35810383122998,-35.39063824076811,1.2104605073467547,51.17792609780862
530,85.45201062709101,25.15871657133045,1.8491277243663524,112.45985492278783
531,85.54602557803999,-149.15422614070928,-5.739862922208374,-69.34806348487767
532,85.64014651949753,-87.86198812031134,7.879715568937611,5.657873968123807
533,85.73437128688431,124.86242905902725,0.10460519184940058,210.70140553776096
534,85.82869771562095,39.75427782720634,-1.9940535522962128,123.58892199053108
535,85.92312364112807,-149.72361279825446,-7.4341761840184,-71.23466534114479
536,86.01764689882634,-148.98701728222196,2.409390721605527,-60.55997966179009
537,86.11226532413639,140.81549495479982,-0.9200762197095681,226.00768405922665
538,86.20697675247885,-148.69821214732474,4.040586810286753,-58.45064858455913
539,86.30177901927438,-12.980617524325169,6.8104051281323645,80.13156662308157
540,86.3966699599436,-107.54005146539248,-7.152144237189343,-28.29552574263823
541,86.49164740990717,61.7048226938576,-2.5071364260022087,145.68933367776256
542,86.58670920458572,116.04395499971479,-0.49747014136583195,202.13319406293468
543,86.6818531793999,-25.92751230286114,1.4536554882136037,62.20799636475236
544,86.77707716977034,71.53721552340198,-1.826635162597669,156.48765753057464
545,86.87237901111772,86.57661521505452,10.247605347422295,183.69659957359454
546,86.9677565388626,-14.113467769514843,-8.649188655297246,64.20510011405051
547,87.06320758842568,137.5880749333883,6.884072134635033,231.53535465644902
548,87.15872999522759,-63.14742094053153,-5.90174335453936,18.109565700156697
549,87.25432159468896,59.30705517116884,-4.062570048655362,142.49880671720243
550,87.34998022223044,-130.75964752023262,1.3514106385135147,-42.05825665948866
551,87.44570371327268,-90.07920609300386,3.64330820179962,1.0098058220684365
552,87.54148990323631,-9.027615949569505,5.083872138479402,83.59774609214621
553,87.63733662754197,-53.57625766205397,-6.0291030379233845,28.031975927564616
554,87.7332417216103,48.48300811948565,-1.646359763370822,134.56989007772515
555,87.82920302086194,-89.23423115122041,1.4957212333477643,0.09069310298929034
556,87.92521836071754,-30.399062084439034,3.3632273047539982,60.8893835810325
557,88.02128557659773,77.03966224007269,-3.4948701975298073,161.5660776191406
558,88.11740250392315,-76.68107705698087,-3.3965694954058256,8.039755951536451
559,88.21356697811444,-57.29288108596452,6.751504324964239,37.672190217114164
560,88.30977683459224,131.24867568814778,0.2065769079302682,219.7650294306703
561,88.40602990877721,40.44727283512538,0.6233032628053446,129.47660600670793
562,88.50232403608997,-74.14477608420442,-3.401374567225619,10.95617338465993
563,88.5986570519512,32.47278619347301,-6.109647404736347,114.96179584068786
564,88.69502679178147,53.83510153113832,3.4722875903721695,146.00241591329194
565,88.79143109100148,-38.43146542441444,6.177577411627386,56.537543078214426
566,88.88786778503183,-149.0377183203033,-4.661797757034596,-64.81164829230606
567,88.9843347092932,-43.81912270176692,0.9090907374545394,46.07430274498081
568,89.08082969920619,-52.56441429459124,5.336418832718206,41.852834237333155
569,89.17735059019147,135.4715806360755,-4.213162268316907,220.43576895795002
570,89.27389521766968,-147.98486105542543,-1.5519870646568472,-60.2629529024126
571,89.37046141706143,-63.142198913253125,-0.8871069812877082,25.3411555225206
572,89.46704702378742,128.8296834730524,2.5638531819228803,220.86058367876268
573,89.56364987326822,52.88380990730915,-3.757898706876872,138.6895610737005
574,89.66026780092454,131.01409003527226,-3.0890177394748455,217.58534009672195
575,89.75689864217696,118.16545997593681,7.508068898418895,215.43042751653266
576,89.85354023244615,76.54982203158195,0.9096245067580108,167.3129867707861
577,89.95019040715276,-74.16779108287055,2.797359216515193,18.579758540797403
578,90.04684700171741,-77.31217931582324,-1.1831670194986188,11.551500666395548
579,90.14350785156074,3.701089552223692,-2.9972087835821046,90.84738862020232
580,90.24017079210341,1.615490430286581,-4.912256303825159,86.94340491856484
581,90.33683365876604,-129.68881028381315,-0.4621643428830906,-39.81414096793021
582,90.43349428696929,-64.9788979338904,-5.55937278496353,19.89522356811537
583,90.53015051213379,31.858454977900465,9.417257871427198,131.80586336146146
584,90.6268001696802,68.42281034001326,8.251573144864613,167.30118365455806
585,90.7234410950291,-148.6923429449585,-1.2289952592733417,-59.19789710920275
586,90.82007112360121,-23.25525741200564,-4.876158993160087,62.68865471843549
587,90.9166880908171,-26.957649423707274,-0.26070298059536495,63.69833568651447
588,91.01328983209748,-67.59490129134926,-7.181124759493273,16.237263781254953
589,91.10987418286294,-143.86638469795014,-2.010335702671308,-54.766846217758506
590,91.20643897853414,132.02888319760288,10.265842420706068,233.50116459684307
591,91.30298205453171,18.761791058779067,-3.3681362139436457,106.69663689936714
592,91.3995012462763,-67.20046050587403,4.941854124559071,29.14089486496134
593,91.49599438918855,10.621652869371694,2.2544302319313827,104.37207749049163
594,91.5924593186891,-24.92089350020408,-9.522701115860778,57.148864702624245
595,91.68889387019858,-148.26835886816113,-1.1515572005953727,-57.731022198557916
596,91.78529587913764,20.599397366135072,2.7104094767783122,115.09510272205101
597,91.88166318092694,66.65420539463571,3.4411386907979398,161.97700726636057
598,91.9779936109871,-108.96048037910379,-3.261138035745098,-20.243624803861785
599,92.07428500473875,34.68971865230118,3.755586236758504,130.51958989379844
600,92.17053519760253,54.26437246196944,-2.1653077729794163,144.26959988659254
601,92.2667420249991,-4.633713722813393,-1.6777476728592862,85.95528062932642
602,92.36290332234911,-3.821457817702129,4.7680434531139895,93.30948895776098
603,92.45901692507317,117.8016885005415,-3.9323154895202532,206.32838993609442
604,92.55508066859194,141.646913646124,-1.7822779782743459,232.41971633644158
605,92.65109238832606,71.47732739360683,3.4919007010084258,167.62032048294134
606,92.74704991969617,9.478882400963705,-2.4782635241692788,99.74766879649059
607,92.84295109812291,66.45520588056607,1.6906531565710943,160.98881013526008
608,92.9387937590269,71.09351335599621,0.7005131885832057,164.73282030360633
609,93.0345757378288,27.40897744086005,-1.7256940942793375,118.71785908440953
610,93.13029486994928,45.716423923689845,1.8144164919702377,140.66113528560936
611,93.22594899080892,14.048685405450563,-2.4451941304071148,104.82944026585236
612,93.32153593582842,54.31424428416282,0.7263350292871216,148.36211524927836
613,93.41705354042836,63.31168611851304,0.8842146595381334,157.61295431847952
614,93.51249964002942,12.520361222164894,4.518975739828696,110.551836602023
615,93.60787207005224,7.995682328938237,-7.4997574390363315,94.10379695995414
616,93.70316866591745,137.52361660762094,2.2687950134386625,233.49558028697703
617,93.7983872630457,-72.2381319459272,-1.3127644624498247,20.24749085466868
618,93.89352569685761,-63.09110399342009,5.4101254900888875,36.212547193526404
619,93.98858180277384,-146.12785357443255,-3.804839124420829,-55.94411089607954
620,94.08355341621504,64.07594502601303,-3.3124938507542043,154.84700459147388
621,94.17843837260182,-141.53203727380884,0.17569006186259392,-47.177908839344425
622,94.27323450735486,141.77879227409844,2.180014086643658,238.23204086809696
623,94.36793965589476,75.68799851115203,7.37872496695466,177.43466313400145
624,94.4625516536422,59.034470676044094,-1.825099107168621,151.67192322251765
625,94.55706833601778,59.20639093823402,-3.3058993094379336,150.45755996481387
626,94.65148753844215,67.55218902215688,-2.2785202878433237,159.92515627275571
627,94.745807096336,81.18903260282404,-6.6238923149691615,169.31094738419085
628,94.8400248451199,75.43551494141285,5.244714704264289,175.52025449079704
629,94.93413862021453,140.80046321930644,8.270577361416386,244.00517920093733
630,95.02814625704053,138.51102890564454,-5.049794682048796,228.48938048063627
631,95.12204559101852,-147.5040355507357,-5.095862057835853,-57.477852017553026
632,95.21583445756917,58.78029649206321,5.551867574094944,159.54799852372733
633,95.3095106921131,-148.3677981516827,3.5985123898522504,-49.45977506971736
634,95.40307213007094,-64.63682759600138,-3.8007212485440482,26.96552328552551
635,95.49651660686337,32.09688020730072,0.45299742969170487,128.0463942438558
636,95.58984195791099,-83.99355036494052,-4.067393984577023,7.528897608393451
637,95.68304601863446,-148.96656566606057,-1.5781058135056234,-54.86162546093174
638,95.77612662445443,-56.88123574970124,4.358638598821677,43.25352947357487
639,95.86908161079151,-116.41918873279448,0.9212751431124345,-19.628831978890535
640,95.96190881306637,23.220476447055596,-4.838296979576191,114.34408828054579
641,96.05460606669965,-67.76956743390564,8.288628739932333,36.57366737272635
642,96.14717120711198,-5.929948516077118,-1.1469520774603512,89.07027061357451
643,96.23960206972401,-60.13269095123947,-1.432225416427748,34.6746857020568
644,96.33189648995636,110.2253870439545,-7.159369756053854,199.397913777857
645,96.42405230322967,70.87347921695567,8.004387290897597,175.30191881108294
646,96.51606734496463,67.59013598308215,-5.2320701639415255,158.87413316410525
647,96.60793945058181,-66.89679041199759,0.46848451098425076,30.179633549568475
648,96.6996664555019,-10.975323435635687,4.085899621146099,89.81024264101231
649,96.79124619514553,54.794235312968894,-0.6281526969261547,150.95732881118826
650,96.88267650493333,-92.27674253117823,-1.9704982803149929,2.6354356934401073
651,96.97395522028594,-56.090956116829304,-2.9527815146893372,37.930217588767306
652,97.06508017662402,47.04249871300303,3.844750033334164,147.95232892296121
653,97.1560492093682,-130.37874562987798,0.9918349454548442,-32.23086147505493
654,97.24686015393911,133.88530977965294,3.7599613354377674,234.89213126902982
655,97.33751084575742,-27.847876381290344,-2.9261869714044924,66.56344749306258
656,97.42799912024373,1.063320200329791,-3.989680119839196,94.50163920073433
657,97.5183228128187,67.12353944979348,-2.862710530697011,161.77915173191516
658,97.608479758903,-52.31059310104172,-0.5780900345485487,44.71979662331273
659,97.69846779391722,-148.65212905601345,6.022532778976925,-44.93112848311931
660,97.788284753282,-148.33964987730218,-0.5385483777764428,-51.08991350179662
661,97.87792847241806,136.12965354440436,8.525241208623084,242.5328232254455
662,97.96739678674597,-139.9360650542393,-9.727012382040499,-51.69568064953383
663,98.05668753168634,38.11801648565198,-0.5098159648684243,135.66488805246988
664,98.14579854265992,-51.98300251031929,1.4515596756500122,47.61435570799064
665,98.23472765508724,70.63315421192564,-1.7751974025558415,167.09268446445705
666,98.323472704389,-31.781650431838816,0.6771000591128532,67.21892233166305
667,98.41203152598584,-81.70786599119967,2.596163362652126,19.3003288974383
668,98.50040195529837,76.71581572541756,0.24822983799526505,175.4644475187112
669,98.58858182774723,-5.4313042696060165,-2.864553543143185,90.29272401499803
670,98.67656897875314,-30.81011024914344,-0.03327341847629181,67.83318531113339
671,98.76436124373666,-19.108119133977382,-0.999345676438521,78.65689643332075
672,98.85195645811844,-145.482363670077,4.183979780705528,-42.44642743125304
673,98.93935245731913,-68.2596533066656,-0.7946959297505092,29.885003220903023
674,99.02654707675939,26.80839282041262,-0.0498612402462559,125.78507865692575
675,99.11353815185983,-4.236335245462584,-5.684518275349834,89.19268463104741
676,99.2003235180411,-61.499820590568746,8.380299774315787,46.080802701788144
677,99.28690101072388,-10.033996546191737,-2.050896588342196,87.20200787618995
678,99.37326846532872,-129.21545271006386,-2.5484958230079453,-32.390680067743084
679,99.45942371727634,134.25574394834845,-3.9948013829375135,229.72036628268728
680,99.54536460198739,24.44688725101986,5.261148788706925,129.25340064171417
681,99.63108895488242,18.872659462195344,5.6669245546700955,124.17067297174785
682,99.71659461138216,-88.2420898176051,-6.303072252159186,5.171432541617872
683,99.80187940690722,-89.39119599066821,-6.740852848478105,3.669830567760905
684,99.88694117687824,-125.53987394468089,5.824121994749858,-19.828810773052794
685,99.97177775671588,141.57516200382972,1.857813269416743,243.40475302996234
686,100.05638698184072,46.10743720442886,3.286899755155122,149.4507239414247
687,100.14076668767345,-89.13344991830716,-3.8423667451908408,7.164950024175443
688,100.22491470963475,-28.432609525891436,1.9178970780680313,73.71020226181135
689,100.30882888314517,58.94298301077553,-2.0777651220646733,157.174046771856
690,100.39250704362539,59.79640877544116,-5.250291968430644,154.9386238506359
691,100.47594702649604,-23.214475695775192,7.072391920991103,84.33386325171196
692,100.55914666717784,18.205460226788716,-4.879533293742824,113.88507360022373
693,100.64210380109134,51.260267821243566,5.316059141948546,157.21843076428345
694,100.72481626365717,34.27748938114323,-2.4687196295583296,132.53358601524207
695,100.80728189029605,-2.0382312248012653,0.1443792346269025,98.91342990012168
696,100.88949851642855,148.24400494802455,-0.2639156951197562,248.86958776933335
697,100.97146397747535,60.59360936116969,1.0187605196304292,162.58383385827548
698,101.05317610885709,-23.319124198876573,2.1134346532688038,79.8474865632493
699,101.13463274599435,25.420984739646265,-4.231221372832962,122.32439611280766
700,101.21583172430789,55.076508719771724,-0.9382212866678182,155.35411915741182
701,101.29677087921824,54.41695247031943,1.5503774148860467,157.26410076442372
702,101.37744804614607,20.46970209344436,-0.023191408333224705,121.82395873125722
703,101.45786106051206,17.46954286922506,0.49016435802718167,119.41756828776431
704,101.53800775773685,55.74283197389509,2.248596385948761,159.5294361175807
705,101.61788597324102,153.9470409551745,1.261955178134238,256.82688210654976
706,101.69749354244524,49.549121133440536,-4.001532112740908,147.24508256314488
707,101.77682830077018,48.84441825568288,0.04649484693537049,150.66774140338842
708,101.85588808363644,-71.60592693891209,-4.5157209562256835,25.734240188498667
709,101.93467072646467,-88.33432467680721,3.7893967180758015,17.38974276773326
710,102.01317406467552,152.96905609866437,4.5590970524029535,259.54132721574285
711,102.09139593368965,-121.36616083762848,3.2983947906926763,-15.976370113246155
712,102.16933416892766,-62.03278838364686,-7.383596394354826,32.75294939092598
713,102.2469866058102,57.3739238720365,-3.6092333922547066,156.011677085592
714,102.32435107975792,16.738352006785775,4.199366405592341,123.26206949213604
715,102.4014254261915,143.931682652143,0.39553061833155057,246.72863869666602
716,102.4782074805315,56.23685112955843,4.1857740252254105,162.90083263531534
717,102.55469507819862,28.72570612502612,-5.854341535341382,125.42605966788338
718,102.63088605461348,50.810314407514035,-1.9292104743228757,151.51198998780464
719,102.70677824519674,33.91278668952784,1.7682721723074706,138.38783710703206
720,102.782369485369,60.52938600344327,3.2164709428586034,166.52822643167087
721,102.85765761055093,7.460572571285567,0.19171081634972595,110.50994099818622
722,102.93264045616317,27.149800640884912,1.8428108396877212,131.9252519367358
723,103.00731585762638,60.36743808279578,-3.675281303944977,159.69947263647717
724,103.08168165036113,106.17231185052277,-2.3495768290413164,206.90441667184257
725,103.15573566978813,-95.99684323091577,2.793741987445638,9.952634426317996
726,103.22947575132801,-0.8799041971337118,1.1137226000877543,103.46329415428205
727,103.30289973040138,148.0137995511461,-2.629358222973311,248.68734105857416
728,103.37600544242892,144.50998111789488,0.879590892329345,248.76557745265313
729,103.44879072283123,-130.4522261596193,-4.00931204665749,-31.01274748344556
730,103.52125340702901,11.670358834141979,5.9422959694668736,121.13390821063786
731,103.59339133044283,-0.43752991834234223,3.9243242770674445,107.08018568916792
732,103.66520232849334,155.4599283547197,-5.147093506984584,253.9780371762284
733,103.73668423660123,27.57722445637063,-0.8757612826328368,130.43814741033904
734,103.80783489018711,-25.94097958115819,-1.1213352698290073,76.74552003919992
735,103.87865212467165,-128.72264658983957,-2.204379669716464,-27.048374134884387
736,103.94913377547542,154.62799143678694,5.3153340362277826,263.8924592484901
737,104.01927767801914,60.4391698602537,2.7882387250124645,167.24668626328528
738,104.08908166772339,58.4760447407822,-6.388331938919698,156.1767944695859
739,104.15854358000885,-83.74715017961691,0.7261162054127231,21.137509605804667
740,104.22766125029617,-89.36711572446978,0.8442528314779466,15.704798357304329
741,104.29643251400594,-121.68730291689552,4.358879923481684,-13.031990479407892
742,104.36485520655887,81.61845634893496,-3.813943929974912,182.1693676255189
743,104.43292716337552,-73.83915170410572,0.7689523124753387,31.362727771745146
744,104.50064621987656,120.48235228349822,-4.3772338774390285,220.60576462593573
745,104.56801021148266,-1.1458567439127165,2.808939171932778,106.23109263950272
746,104.63501697361446,28.207142961992616,-1.3643317933732282,131.47782814223385
747,104.70166434169255,-130.53204954077432,6.6506581655421995,-19.179727033539574
748,104.76795015113763,-85.2164267050232,-2.4077732494253725,17.14375019668906
749,104.83387223737029,-127.48074321012308,-1.8742045793780517,-24.521075552130846
750,104.89942843581125,22.889691266397776,1.6837464541638354,129.47286615637285
751,104.96461658188105,153.92667086354044,-6.675281149883373,252.2160062955381
752,105.02943451100035,-35.159675350547744,2.4614550195186022,72.3312141799712
753,105.09388005858985,145.63969178699358,0.2669338556057841,251.00050570118918
754,105.15795106007016,3.410746998359514,6.58669642496087,115.15539448339055
755,105.2216453508619,-69.06852605863479,-2.974197871081898,33.17892142114522
756,105.28496076638574,59.125017664579396,-0.09359681626098769,164.31638161470414
757,105.3478951420623,-86.22794519789291,-2.6478210163881704,16.47212892778122
758,105.41044631331228,-25.87885422913105,3.604341598878363,83.13593368305959
759,105.47261211555622,-5.549024425819854,-8.037043661860201,91.88654402787617
760,105.53439038421482,-101.52247667585443,10.684119571794811,14.696033280155193
761,105.5957789547087,-121.11178406920386,-5.8838046792716145,-21.39980979376677
762,105.65677566245857,-50.917739440523206,-2.4584239661678735,52.280612255767494
763,105.71737834288497,-81.04112472057041,-1.8545205229840664,22.821733099330494
764,105.77758483140855,60.60383779753246,8.128940555339911,174.51036318428092
765,105.83739296345004,-129.28879143538728,0.6803448784345512,-22.77105359350269
766,105.89680057443,-82.56871065248178,-1.2903508513147879,22.03773907063343
767,105.95580549976911,39.88590690224453,-0.728887749383403,145.11282465263022
768,106.014405574888,-116.9355179607923,-1.5280178262371766,-12.44913021214147
769,106.0725986352073,-81.98009590531038,0.7647189601490767,24.857221690045996
770,106.13038251614768,41.971617813614984,-4.00783286967112,144.09416746009154
771,106.1877550531297,58.08711650931447,-2.726457040706582,161.54841452173758
772,106.24471408157412,-61.93579571407733,3.788355968577406,48.09727433607419
773,106.3012574369015,70.97076336983734,5.768076269420354,183.0400970761592
774,106.35738295453248,-144.2130764116656,-2.514367349695611,-40.37006080682874
775,106.41308846988778,-88.66613805975078,0.6055944716889717,18.352544881825974
776,106.46837181838791,6.903285814933092,0.984894462590178,114.35655209591118
777,106.52323083545363,76.43903087410897,-2.5723825346112594,180.38987917495135
778,106.57766335650548,-134.54694888828624,0.4244683548921009,-27.544817176888653
779,106.63166721696423,-67.15925216934534,-2.3454291770067637,37.12698587061213
780,106.68524025225041,-45.50218055606401,0.9726664815073817,62.15572617769378
781,106.73838029778469,76.9449562637144,-4.044857921414204,179.63847864008488
782,106.79108518898772,15.095203813314406,5.235566263847271,127.12185526614941
783,106.84335276128016,38.733919093452705,1.3808966511014724,146.95816850583432
784,106.8951808500826,-133.98495345951397,0.4168178109321361,-26.67295479849924
785,106.94656729081572,77.3881305398385,-1.8098813928973967,182.5248164377568
786,106.99750991890015,-54.687955851430054,-2.5281035309007174,49.78145053656938
787,107.04800656975652,-130.92375379716051,4.535905404414555,-19.339841822989435
788,107.09805507880549,-84.22127344683217,-1.1473121703399205,21.729469461633396
789,107.1476532814677,44.220270529038594,-0.5309433132984744,150.8369804972078
790,107.19679901316374,-63.37036127746749,-6.1112610119910915,37.71517672370516
791,107.24549010931435,-33.717125711289086,3.401147731884003,76.92951212990927
792,107.29372440534009,-9.625720770660617,7.125123114603626,104.79312674928309
793,107.3414997366616,50.72297211902566,-7.220952353826696,150.84351950186056
794,107.38881393869957,139.3602278754549,3.5830720413799555,250.33211385553443
795,107.4356648468746,140.82314624438055,0.8861386587018051,249.14494974995696
796,107.48205029660738,-15.306816092518268,-2.0889880648860135,90.08624613920311
797,107.52796812331849,-48.56705944270179,-6.135728807943229,52.825179872673466
798,107.57341616242857,-116.13866940558918,5.101408825666011,-3.4638444174946006
799,107.61839224935832,-51.22184132712812,2.2099783934255157,58.60652931565572
800,107.66289421952837,2.731997874007071,0.7009203054311791,111.09581239896663
801,107.70691990835931,-147.40434800366592,1.397620438801703,-38.2998076565049
802,107.7504671512718,-2.2294241208061862,-3.525286315515787,101.99575671494983
803,107.79353378368653,132.74366157731941,-2.0978441345861265,238.43935122641983
804,107.83611764102407,-67.64096638055175,-1.655314146203598,38.53983711426873
805,107.87821655870513,7.428265854603108,1.9771211928125123,117.28360360612076
806,107.91982837215025,58.424077861815626,1.0349126269302438,167.3788188608961
807,107.96095091678019,30.21174906191097,4.97587833661496,143.1485783153061
808,108.0015820280155,-95.55498537813978,-2.6128834424190686,9.833713207456661
809,108.04171954127688,75.51866682266265,-0.8446186277626851,182.71576773617684
810,108.08136129198492,68.6940242803337,-0.26690360281188974,176.50848196950673
811,108.12050511556032,-9.50661211673534,0.03278712859977741,98.64668012742476
812,108.15914884742368,1.0683735457595418,-5.047342633432602,104.18017975975062
813,108.19729032299563,18.41008554597516,0.07970051613392186,126.68707638510472
814,108.23492737769683,47.23850605441679,11.375008848481542,166.84844228059515
815,108.27205784694792,-42.74338357029642,-9.300925060714295,56.227749215937195
816,108.30867956616954,-41.019497170597106,-2.602204077512738,64.6869783180597
817,108.34479037078233,-22.295242906020285,9.138780015293474,95.18832748005552
818,108.38038809620693,-149.18494504590376,0.23907606424420913,-40.56548088545262
819,108.41547057786399,133.0331901036121,-1.6223165526720713,239.82634412880404
820,108.45003565117412,122.10334745644836,-6.446651794657943,224.10673131296454
821,108.48408115155803,-27.66633524536101,1.2209498933625105,82.03869579955953
822,108.51760491443629,22.64312395929152,-0.3193654261437299,130.8413634475841
823,108.55060477522956,-67.40102251966331,2.7673622752376463,43.91694453080389
824,108.58307856935848,77.34499316733822,-0.344546524310451,185.58352521238623
825,108.6150241322437,-147.6760950123682,3.100578596545812,-35.96049228357868
826,108.64643929930587,-131.31121247431474,-1.2828476640990263,-23.947620839107902
827,108.6773219059656,117.67977080528,-1.312604376172921,225.04448833507269
828,108.70766978764352,63.3344331821755,-3.1197807647474347,168.9223222050716
829,108.73748077976033,-145.84341703411724,7.169967789479044,-29.93596846487786
830,108.76675271773667,69.45710007086936,-7.9678386392726095,170.25601414933342
831,108.79548343699312,-65.34414923333529,3.9516165800627228,47.402950783720556
832,108.82367077295034,89.11017211221859,-2.1666440034057386,195.7671988817632
833,108.85131256102899,77.70086044699417,0.3335476906744768,186.8857206986976
834,108.8784066366497,75.83395929635891,8.325454599475675,193.0378205324843
835,108.90495083523311,-140.6518694716384,-7.382214279735812,-39.12913291614111
836,108.93094299219987,71.40107603531014,-0.2146311506283104,180.11738787688168
837,108.95638094297065,26.834385565557653,-1.6072525062659577,134.18351400226234
838,108.981262522966,41.61572786223057,0.39481477092156336,150.99180515611815
839,109.00558556760663,10.388839669184307,4.054872824629987,123.44929806142092
840,109.02934791231317,121.28752996835883,3.9285522679968237,234.24543014866882
841,109.05254739250626,108.69404062181027,-6.742750532618568,211.00383748169796
842,109.07518184360653,69.29743777422146,-7.6077096352334825,170.7649099825945
843,109.09724910103463,61.26059282001321,3.852592377505426,174.21043429855328
844,109.11874700021119,25.711689328413854,12.675113973812813,147.50555030243785
845,109.13967337655687,108.72640619223499,-3.2190609723124783,214.64701859647937
846,109.1600260654923,-3.896291567916803,-6.572785202387826,98.69094929518768
847,109.17980290243813,-15.530840055551678,-0.2690497499326653,93.37991309695379
848,109.199001722815,-47.65712306752114,2.402294758281907,63.94417341357576
849,109.21762036204353,-149.7135014387947,1.7755557307883914,-38.720325345962785
850,109.23565665554435,-49.15192113989282,-4.941629220566003,55.142106295085526
851,109.25310843873814,-145.49744551956758,-0.08334075733604689,-36.327677838165485
852,109.26997354704555,-68.76445771979438,-1.678123558454887,38.82739226879629
853,109.28624981588717,-146.53631653609787,7.546927440795305,-29.703139279415392
854,109.30193508068363,-144.4318591269015,2.728737066907607,-32.401186979310246
855,109.31702717685566,-29.661617081414477,-1.5448100368502147,78.11060005859098
856,109.33152393982384,-2.67676998244848,-8.184959133645394,98.46979482372997
857,109.3454232050088,85.30893933936007,1.9976648781032773,196.65202742247214
858,109.3587228078312,-41.121441797984545,0.4425451646684483,68.6798261745151
859,109.3714205837117,140.2983764257888,1.3534169500126503,251.02321395951313
860,109.3835143680709,-143.212224787051,-2.568597911502305,-36.39730833048242
861,109.39500199632947,106.11883667960674,3.64157815666015,219.15541683259636
862,109.405881303908,-109.1472076435876,3.017671449293515,3.2763451096139122
863,109.41615012622722,10.614893116365508,-4.373147354249038,115.65789588834369
864,109.42580629870771,102.25354109482427,1.8656317166362544,213.54497911016824
865,109.43484765677013,139.2255405761951,0.686082304351898,249.34647053731712
866,109.4432720358351,140.83949227974927,-1.234077612744874,249.0486867028395
867,109.45107727132327,-95.319371495099,-6.645548732919089,7.486157043305177
868,109.45826119865532,98.58034108838861,-2.2670521818132983,205.77155010523063
869,109.46482165325183,73.64341285354334,9.238239385566203,192.34647389236136
870,109.4707564705335,-143.35548404064576,6.041326838468502,-27.843400731643758
871,109.4760634859209,48.59824336054353,-5.028509659713778,153.04579718675063
872,109.4807405348347,60.244235683817195,-1.7446887041710815,167.9802875144808
873,109.48478545269555,39.41054088143872,5.282309516389198,154.17763585052347
874,109.48819607492409,-32.1134379455143,-7.094509794837769,70.28024833457204
875,109.49097023694097,21.04636585366319,-7.025528788363586,123.51180730224057
876,109.49310577416685,-57.65660950100956,-1.580772017216277,50.25572425594101
877,109.49460052202231,72.19236771729592,16.28872531336964,197.97569355268786
878,109.49545231592802,72.73013121522749,-1.8550297446838209,180.37055378647167
879,109.49565899130464,-138.18000697230207,-5.46584363060967,-34.1501916116071
880,109.49521838357276,130.75870863765908,7.130772910477566,247.3846999317094
881,109.49412832815308,-51.01841361763905,-8.404013365119845,50.07170134539419
882,109.49238666046621,-44.82237472126644,2.4425560343075956,67.11256797350737
883,109.48999121593279,-148.54020206523137,1.7591688471352405,-37.29104200216334
884,109.48693982997347,-19.09021023247611,-10.729792184420434,79.66693741307692
885,109.48323033800888,36.3656175666091,9.1807906623508,155.02963856696877
886,109.47886057545968,-56.09067850331574,2.4656731814702346,55.85385525361417
887,109.47382837774647,66.76537191200842,-8.701942605490673,167.5372576842642
888,109.46813158028993,32.3865924495763,12.762924293073995,154.61764832294025
889,109.46176801851071,59.917796537445255,-3.8365455590935422,165.54301899686243
890,109.45473552782944,-22.56954406655367,-2.5950975869943322,84.29009387428144
891,109.44703194366674,-86.37805525182469,-4.524594526770814,18.54438216507124
892,109.43865510144322,-118.78345823039949,3.0834671056842424,-6.26133602327203
893,109.42960283657963,63.77472817017284,3.8479724857847835,177.05230349253728
894,109.41987298449654,-96.69702860542284,-3.3789834917059687,9.343860887367724
895,109.40946338061455,76.1856460306864,-1.5498576471036036,184.04525176419733
896,109.39837186035433,-148.00885848719088,-0.11205387807751298,-38.72254050491406
897,109.38659625913655,-11.367914003379198,-0.4479731100046204,97.57070914575273
898,109.37413441238189,118.8355462798054,2.602548789321719,230.81222948150904
899,109.36098415551086,-67.58475617386884,6.046628539343859,47.82285652098588
900,109.34714332394422,76.33453408652922,-1.6249248200490707,184.05675259042437
901,109.33260975310256,-87.8010149763642,-3.1852550087821987,18.34633976795616
902,109.31738127840653,60.51986236899597,-7.159963902963912,162.67727974443858
903,109.30145573527675,140.74619618798965,2.2846724379132484,252.33232436117967
904,109.2848309591339,140.8766633250417,1.3956465747683238,251.55714085894394
905,109.26750478539857,-106.49012870433098,3.766150901692146,6.543526982759733
906,109.24947504949147,99.76075607113384,3.3310805598272757,212.34131168045258
907,109.23073958683318,64.39833010569052,-4.370532579493692,169.25853711303
908,109.21129623284438,-100.03843723705786,1.470281816679786,10.6431408124663
909,109.19114282294566,-66.0871530084823,-5.807425059034968,37.29656475542839
910,109.17027719255773,-113.81552896715819,1.5621232760638093,-3.083128498536644
911,109.14869717710117,-38.156569185339194,4.204132596632544,75.19626058839452
912,109.12640061199666,27.91615462462173,-3.272725954067356,133.76982928255103
913,109.1033853326648,93.9953675131215,1.123355416585121,204.22210826237142
914,109.0796491745263,-132.18671048441317,1.0174916808705219,-22.089569629016353
915,109.05518997300176,96.07146053979531,-0.027896945138749744,205.09875356765832
916,109.03000556351175,77.07346808547496,0.15127814682322316,186.25475179580994
917,109.00409378147702,-146.90515977933097,2.0510206841856675,-35.85004531366828
918,108.97745246231815,-34.589967868182036,-7.0342887041072055,67.3531958900289
919,108.95007944145583,56.62505206480269,3.737829008218778,169.31296051447728
920,108.92197255431068,-113.08343691242916,-2.2774589355932293,-6.438923293711708
921,108.89312963630331,118.60180039980625,4.760898941633993,232.25582897774356
922,108.86354852285437,140.3674667616786,-2.1328156988202656,247.09819958571273
923,108.83322704938456,-12.5669449839627,4.453884199652989,100.72016626507485
924,108.80216305131442,58.767857132289784,-8.744407832405932,158.8256123511983
925,108.77035436406467,76.31250823922885,4.2381887074129345,189.32105131070645
926,108.73779882305593,-25.860186955512663,1.4383969768584104,84.31600884440168
927,108.70449426370881,28.92508800038275,-3.055303504920607,134.57427875917097
928,108.670438521444,25.70432079643215,-0.0010645816891915183,134.37369473618696
929,108.63562943168209,-4.697077108029177,3.2564346547106378,107.19498697836354
930,108.60006482984375,137.98628544957649,0.05879019311827611,246.64514047253851
931,108.56374255134963,-53.66927826372571,-2.0972538545799826,52.797210433043944
932,108.52666043162037,-55.24987678281556,0.9968084890594995,54.273592137864306
933,108.48881630607659,-26.95813678398548,0.26476383513288426,81.79544335722399
934,108.45020801013895,-148.7624804757167,-3.6411492849482388,-43.95342175052599
935,108.41083337922808,-121.95723468590758,1.472397765093704,-12.074003541585796
936,108.37069024876456,-63.176206014909646,3.5105955152526307,48.70507974910755
937,108.32977645416915,-25.13855954593538,-2.936533206245183,80.25468370198858
938,108.28808983086245,18.9853170745875,2.4681314395650706,129.74153834501502
939,108.24562821426505,133.3786831108405,-2.4936908655506596,239.1306204595549
940,108.20238943979763,-25.97864003363425,-0.5122859881552693,81.71146341800811
941,108.15837134288083,23.597665371802698,0.7647954731559229,132.52083218783943
942,108.11357175893525,76.66962723455185,0.5936482534348214,185.37684724692193
943,108.06798852338164,-67.73598684433237,1.3973468083099265,41.729348487359196
944,108.02161947164052,52.32629465694053,-2.70803621358499,157.63987791499608
945,107.9744624391326,-87.65681455412239,4.060014917285068,24.37766280229527
946,107.92651526127847,42.12644720075406,-1.8129638257476042,148.23999863628492
947,107.8777757734988,-33.052221944011805,-0.1514125019845467,74.67414132750244
948,107.82824181121421,94.05212832387004,1.7215327408226944,203.60190287590694
949,107.7779112098454,-93.17586094859521,-10.995962670608485,3.6060875906416996
950,107.72678180481299,-51.0369123159262,3.146276491612734,59.836145980499516
951,107.67485143153755,-52.4379333575358,6.614545953975488,61.85146402797724
952,107.6221179254398,139.5807151783893,0.16219860409583217,247.36503170792494
953,107.56857912194033,86.30352559852113,3.054654778037599,196.92675949849905
954,107.51423285645984,-78.02627244808417,-1.2515622231799632,28.236398185195707
955,107.4590769644189,51.49169463287335,-2.1340090871820747,156.81676251011018
956,107.40310928123822,45.03479627637975,-0.45418787481914236,151.9837176827988
957,107.34632764233837,-2.103587227665898,0.3320713791863214,105.57481179385879
958,107.28872988314006,-141.67349807074578,-7.468995397710816,-41.85376358531653
959,107.23031383906388,75.92540112243293,0.9908376354739377,184.14655259697076
960,107.17107734553048,-63.96725193938249,5.372448577985894,48.57627398413388
961,107.11101823796051,127.32184983284816,1.960615464039409,236.3934835348481
962,107.05013435177463,72.29590057737332,-0.987029127931948,178.359005801216
963,106.98842352239345,-3.567309479145642,4.227810973095119,107.64892501634291
964,106.92588358523759,91.81931477027771,-0.16107854804639954,198.5841198074689
965,106.86251237572776,109.71833325952902,-8.863414642093213,207.71743099316356
966,106.79830772928452,-68.40626262600722,1.6087880033233546,40.00083310660065
967,106.7332674813286,-26.555202584605027,-3.9544366938836495,76.22362820283992
968,106.66738946728057,74.79953573434372,6.327619941878999,187.79454514350329
969,106.60067152256107,126.48337998864477,3.1417270329815894,236.22577854418742
970,106.53311148259084,-43.52835082920428,0.36666875104097996,63.371429404427545
971,106.46470718279039,-41.284561832893125,-5.491780669690334,59.688364680206924
972,106.39545645858041,-67.96851674120165,3.7851382832859755,42.21207800066473
973,106.32535714538156,137.23192625159197,-3.793846125440429,239.7634372715331
974,106.25440707861446,-68.24904191629618,3.6818038947008405,41.687169057019126
975,106.18260409369975,30.897118183277584,-1.6499746929420565,135.42974758403528
976,106.10994602605811,140.49349660418414,-3.576212604414643,243.0272300258276
977,106.03643071111014,36.273525867982606,2.398911227990144,144.7088678070829
978,105.96205598427645,50.990773139383094,1.083722936631876,158.03655206029143
979,105.88681968097777,-63.59064758666247,3.3553946683805913,45.651566762695886
980,105.81071963663467,121.76422121352292,-4.648209509425889,222.9267313407317
981,105.73375368666782,153.2631204470221,-2.340795103390143,256.6560790302998
982,105.65591966649782,19.310893147236953,6.990205383435118,131.9570181971699
983,105.57721541154538,-74.71987302433382,-1.5358044894674385,29.321537897744122
984,105.49763875723113,155.35408828958424,-1.808339760931348,259.043387285884
985,105.41718753897564,-69.08239196347066,0.25535602967713017,36.590151605182115
986,105.3358595921996,-6.626288151133295,-0.11633842778422446,98.59323301328207
987,105.25365275232363,150.46572502850734,-1.7370045154682205,253.98237326536275
988,105.17056485476843,125.78614714536107,0.3133138500265223,231.27002585015603
989,105.08659373495456,-85.58422823955937,-2.6454780953294317,16.856887400065766
990,105.00173722830269,18.07248411016179,3.8577358755616227,126.93195721402608
991,104.91599317023358,-97.92176429147929,1.170950695199146,8.16517957395343
992,104.82935939616763,28.228015386342584,2.050126289293781,135.107501071804
993,104.74183374152565,19.822840950203528,1.4637239772757602,126.02839866900494
994,104.65341404172827,11.380879430210612,-3.5804845258703644,112.45380894606852
995,104.56409813219602,-126.54747152305795,-3.9777112672590245,-25.961084658120953
996,104.47388384834971,-89.03955860827755,-2.1469749442207147,13.287350295851455
997,104.38276902560986,152.06719114184602,3.9338391823950962,260.38379934985096
998,104.29075149939712,-68.0149007458605,0.8822838507401929,37.15813460427681
999,104.1978291051322,59.73313043231618,2.8896944195733134,166.8206539570217
1000,104.10399967823565,-73.57268572874045,-1.2557185495383296,29.27559539995687
1001,104.00926105412819,-69.35135661127464,-3.366327923996177,31.291576518857372
1002,103.91361106823044,-88.78947885792286,1.5103593738557552,16.634491584163335
1003,103.817047555963,147.711106908243,3.1577750618187035,254.68592952602472
1004,103.7195683527465,-79.41689580866239,-0.18573900303260749,24.11693354105151
1005,103.62117129400167,-35.48673720753582,-5.5112264505290485,62.62320763593681
1006,103.52185421514906,-58.879654811362514,1.9036237851219833,46.545823188908535
1007,103.42161495160937,-33.807812417140454,1.3061040111817934,70.9199065456507
1008,103.32045133880325,-129.5921102051688,0.9953893101346966,-25.276269556230858
1009,103.21836121215128,-30.13772599275729,-4.496353963152216,68.58428125624178
1010,103.11534240707414,-81.42138703991273,2.633108557275119,24.327063924436526
1011,103.01139275899251,11.074273282286342,-2.474389171941796,111.61127686933706
1012,102.9065101033269,57.242520000272464,10.726839223334133,170.8758693269335
1013,102.80069227549805,-74.86819667723962,-5.187850749538612,22.744644848719815
1014,102.69393711092658,-127.65858654471998,-3.3520184958523056,-28.316667929645703
1015,102.5862424450332,-17.04288856382128,2.0451962814529954,87.58855016266493
1016,102.47760611323841,-100.44399554159457,-7.935780613241777,-5.902170041597943
1017,102.36802595096299,-87.50480850906469,4.512721225245504,19.375938667143803
1018,102.25749979362752,-127.6586195835312,4.807175850911669,-20.59394393899202
1019,102.1460254766526,-1.3612346013797492,-1.205674842182751,99.5791160330901
1020,102.03360083545888,55.30808708538565,0.4404207770843153,157.78210869792886
1021,101.92022370546707,46.03300331203629,-1.972398233770002,145.98082878373336
1022,101.80589192209777,60.606726501344184,-2.8535562683613387,159.55906215508062
1023,101.69060332077163,143.86055382148044,5.144034841915986,250.69519198416805
1024,101.57435573690921,140.88510068606814,1.5710881619573047,244.03054458493466
1025,101.45714700593129,-146.24733049473,-5.025575010556325,-49.81575849935503
1026,101.33897496325844,131.03536861293207,-1.4854725468011027,230.8888710293894
1027,101.21983744431128,-119.85479470531475,2.2533369559267435,-16.38162030507672
1028,101.09973228451048,-56.07397404579893,0.4680838915637782,45.49384213027533
1029,100.97865731927666,-14.838146688517327,0.5886726137298435,86.72918324448918
1030,100.85661038403055,-66.91278166455442,2.422690882962022,36.36651960243815
1031,100.73358931419267,104.58071824827668,-2.9060943166848032,202.40821324578457
1032,100.60959194518367,6.548061251487866,-0.524791794530086,106.63286140214144
1033,100.48461611242425,-47.37470683374757,-1.15585550297624,51.954053775700444
1034,100.35865965133499,26.65725883083602,-1.3706679467892076,125.64525053538179
1035,100.23172039733669,-35.99577575980844,4.184446004231931,68.42039064176018
1036,100.10379618584975,136.56092727697734,3.482334696947618,240.1470581597747
1037,99.97488485229496,-3.2527573299874035,-4.546089313716392,92.17603820859117
1038,99.84498423209297,62.362121521535215,-4.8363541947422535,157.37075155888593
1039,99.71409216066436,-46.96331202633282,8.610879922397249,61.361660056728795
1040,99.58220647342975,87.5287868842863,1.4591970234542682,188.5701903811703
1041,99.44932500580987,-15.868872477730761,-8.307110498365505,75.2733420297136
1042,99.31544559322535,-50.56145183602905,-3.6209876998608608,45.133006057335436
1043,99.18056607109673,-94.6599533511925,3.0291899522971293,7.5498026722013645
1044,99.04468427484471,-6.020418359130993,8.139445918312964,101.16371183402669
1045,98.90779803988994,59.30216404295298,-3.4074052549219527,154.802556827921
1046,98.76990520165313,140.92120142052192,1.0253819443323164,240.71648856650737
1047,98.63100359555477,77.87481445748224,0.39391610426167173,176.8997341572987
1048,98.49109105701555,-77.28193841281923,-0.24561456791654826,20.963538076279775
1049,98.35016542145618,2.1128295500855216,-3.9115585420784686,96.55143642946324
1050,98.20822452429732,-149.04352216332614,-2.9501011424649084,-53.78539878149373
1051,98.06526620095951,138.38651240909985,2.0146127475830373,238.4663913576424
1052,97.92128828686336,-148.87288822537238,2.872218494330063,-48.079381444178956
1053,97.77628861742963,23.530396081031157,0.7419512604307564,122.04863595889154
1054,97.63026502807895,-12.929251055643856,1.9684747982055657,86.66948877064065
1055,97.48321535423193,-66.92401368313972,-4.984691656188463,25.574510014903748
1056,97.33513743130908,78.04341706072668,2.0429344713081825,177.42148896334393
1057,97.18602909473128,34.56611844744308,0.8800898038233652,132.6322373459977
1058,97.03588817991903,9.60332970112509,1.206046458899559,107.84526433994368
1059,96.884712522293,118.02167684280154,-2.0479110656282837,212.85847829946624
1060,96.73249995727377,-102.1799886505985,0.8096529566308851,-4.637835736693844
1061,96.57924832028209,95.46704843948098,-5.934727272309546,186.11156948745352
1062,96.42495544673855,78.1013332248497,6.679000838783851,181.2052895103721
1063,96.26961917206378,124.25416504915026,0.2449539018133499,220.7687381230274
1064,96.11323733167842,93.54455664443749,-6.40145526584628,183.25633871026963
1065,95.95580776100311,63.66477403695847,5.989878051618807,165.6104598495804
1066,95.7973282954585,117.17265232045176,-5.4428439256158665,207.52713669029438
1067,95.63779677046529,100.7649121740116,6.23471930797316,202.63742825245006
1068,95.47721102144396,16.128097607122513,4.487948016257921,116.0932566448244
1069,95.3155688838153,57.466113035783636,-4.965793852773621,147.81588806682532
1070,95.15286819299988,35.819303002816156,-1.2370793656290566,129.73509183018697
1071,94.9891067844184,69.37262224214079,-8.35603142187086,156.00569760468835
1072,94.82428249349147,73.52735189027256,7.077382662228391,175.4290170459924
1073,94.65839315563971,59.545741088580385,-0.055030872356594145,154.1491033718635
1074,94.49143660628374,-38.472264550085676,2.7671975447318276,58.786369600929895
1075,94.32341068084432,-31.227941341463776,-2.5915367340210653,60.50393260535948
1076,94.15431321474202,104.91101815133513,3.2476619601353267,202.31299332621248
1077,93.98414204339738,21.267774107719703,-2.988499117724838,112.26341703339224
1078,93.8128950022311,37.67100714655174,0.788488344083386,132.27239049286624
1079,93.64056992666389,31.072126257614634,-3.9620310111610273,120.75066517311748
1080,93.46716465211634,73.3644064710955,7.732159446071433,174.56373056928328
1081,93.29267701400914,132.70390097688988,-3.39715738457954,222.59942060631948
1082,93.11710484776285,5.294807012110951,-2.0915949759013635,96.32031688397244
1083,92.94044598879819,-145.79211338757867,2.664801026062781,-50.186866372717695
1084,92.76269827253577,-67.4617281981603,-6.053809350464109,19.247160723911364
1085,92.5838595343962,-144.9127054950159,1.4124745943019796,-50.91637136631772
1086,92.40392760980015,111.78145348261046,4.052501892874592,208.2378829852852
1087,92.2229003341682,63.09451090442777,3.642848688977776,158.96025992757376
1088,92.04077554292107,9.17084955298183,0.49070251943190946,101.70232761533481
1089,91.8575510714794,60.05591745426736,-5.301792893235165,146.6116756325116
1090,91.67322475526385,-32.66208032040886,-5.870529534333049,53.14061490052193
1091,91.48779442969496,-66.581988425983,5.53519046056284,30.4409964642748
1092,91.3012579301934,119.36813982094704,0.1404444899101441,210.80984224105057
1093,91.11361309217986,3.67592424744241,2.403356145241327,97.1928934848636
1094,90.92485775107502,64.61876051013522,0.2654268333901546,155.8090450946004
1095,90.73498974229943,-149.7540615433016,-1.6237703645208386,-60.64284216552299
1096,90.54400690127369,77.75963502655114,0.5807753739180466,168.88441730174287
1097,90.35190706341854,74.2286445146391,-2.0897726797301317,162.4907788983275
1098,90.15868806415466,-31.026313050614704,-1.4161807557104242,57.716194257829535
1099,89.96434773890257,-114.68414830811653,2.263215880180853,-22.456584689033107
1100,89.76888392308294,53.03892054060512,-1.5273408674645088,141.28046359622354
1101,89.57229445211647,-62.771297889203,1.1574358850154247,27.958432447928892
1102,89.37457716142373,12.90882108554203,3.1788730128869642,105.46227125985273
1103,89.17572988642542,-65.27017218909475,-2.2832770651171925,21.62228063221347
1104,88.97575046254221,72.20997217534067,1.322361055372253,162.50808369325512
1105,88.7746367251946,-57.33993654785525,-1.358566845103102,30.076133332236243
1106,88.57238650980332,124.95409497718973,-1.456147009114948,212.0703344778781
1107,88.36899765178904,0.43325070027995594,0.7748199379382339,89.57706829000723
1108,88.16446798657242,70.35344524141091,1.1439721560766503,159.66188538405999
1109,87.95879534957396,73.10996795277748,-4.433940291102937,156.6348230112485
1110,87.75197757621439,5.961844357697117,3.327363337256333,97.04118527116783
1111,87.54401250191438,71.69403561727304,5.44162707241588,164.6796751916033
1112,87.3348979620946,78.11113058232243,-3.4401535211706733,162.00587502324635
1113,87.12463179217559,68.68035095812064,-3.7882750618556122,152.01670768844062
1114,86.91321182757798,-42.89756809416989,-1.7050323256219282,42.31061140778616
1115,86.70063590372249,-32.61442041356245,1.3454017272400287,55.43161721740007
1116,86.48690185602973,55.07841464555587,4.924306964632811,146.4896234662184
1117,86.27200751992035,139.5021972343211,-3.4463246041522506,222.32788015008921
1118,86.05595073081503,-66.6043460181375,1.3748417324367188,20.82644644511424
1119,85.83872932413436,-66.29125810825859,2.9014863656447822,22.448957581520556
1120,85.62034113529893,-47.63622698046557,2.3594220571051103,40.34353621193847
1121,85.4007839997295,-139.41498434004765,-7.238702144178617,-61.25290248449677
1122,85.18005575284661,-144.21892762540315,1.4407475049080276,-57.598124367648516
1123,84.95815423007099,-115.28930803222892,-2.6681992240235974,-32.999353026181524
1124,84.73507726682311,36.664418101766884,-3.6422175544154256,117.75727781417457
1125,84.51082269852378,99.44188867216126,3.2286536088708657,187.18136497955592
1126,84.28538836059363,119.61842254895369,5.296029090404536,209.19983999995185
1127,84.05877208845328,97.8442463341841,6.01649669606461,187.919515118702
1128,83.83097171752331,-140.1001046506804,-8.078837577452942,-64.34797051061004
1129,83.6019850832244,-39.08992689455532,-3.004163856116092,41.50789433255299
1130,83.3718100209772,107.88940739796708,7.217220097256063,198.47843751620036
1131,83.14044436620236,-35.02420975664942,-5.336138038560593,42.78009657099235
1132,82.90788595432053,40.73189538263657,-0.5885075115310611,123.05127382542604
1133,82.67413262075223,-52.47521839363946,2.331463422704577,32.53037764981735
1134,82.43918220091825,-61.7259954144184,-1.6302293812336641,19.08295740526619
1135,82.20303253023917,-148.27352708906787,-0.480960602854065,-66.55145516168277
1136,81.96568144413573,-66.99520964479964,-3.6074666525036236,11.363005146832458
1137,81.72712677802832,-5.189930989144543,6.295981048066796,82.83317683695057
1138,81.48736636733781,-112.07347743803022,4.753016399444354,-25.833094671248055
1139,81.24639804748477,75.11547283907191,-1.3682907515741676,154.99358013498252
1140,81.00421965388989,76.85359425836171,-3.648121076679568,154.20969283557204
1141,80.76082902197368,19.012579896740945,-3.309209702817865,96.46419921589676
1142,80.51622398715693,-117.3467225317543,-3.8153045281333595,-40.64580307273072
1143,80.27040238486018,-149.09816437491952,5.611688266361017,-63.21607372369833
1144,80.02336205050403,-64.0302777241352,-1.174190858481292,14.818893467887538
1145,79.7751008195093,-145.19265890384315,5.7267661578995055,-59.69079192643434
1146,79.5256165272965,75.70591109019426,-3.849316037112885,151.38221158037788
1147,79.27490700928632,-148.96464583416056,-1.1831643390922888,-70.87290316396653
1148,79.02297010089927,-14.071301394307483,2.587261808958592,67.53893051555038
1149,78.76980363755621,-28.80307905862834,0.9798381989960079,50.94656277792387
1150,78.51540545467753,141.68805657437758,-4.93045874171639,215.27300328733872
1151,78.2597733876841,-82.1835218147961,3.1152486823351953,-0.808499744776793
1152,78.00290527199655,45.74241539178847,1.7517271147639992,125.49704777854902
1153,77.74479894303533,-61.91850332255274,-1.7105773285673453,14.115718291915252
1154,77.48545223622119,68.27815806636197,-5.025520256846386,140.73809004573678
1155,77.22486298697481,-14.00837888242529,1.6629016861272927,64.87938579067682
1156,76.96302903071677,-40.69457986657777,-0.5005018319396795,35.76794733219932
1157,76.69994820286774,-112.64025399187338,5.175684511079283,-30.764621277926352
1158,76.43561833884837,137.70563401474345,3.571861902398112,217.71311425598992
1159,76.17003727407922,60.53062013000397,-2.802149052479166,133.89850835160402
1160,75.90320284398103,-97.23914821709249,-1.0124417173038551,-22.34838709041531
1161,75.63511288397444,-67.2482825272411,-8.561408168313601,-0.1745778115802601
1162,75.36576522948008,-88.57694910609332,5.2921197554013215,-7.919064121211926
1163,75.0951577159185,-82.45992803652783,-1.1913907511123722,-8.556161071721696
1164,74.82328817871041,-88.3050737317233,3.684968845010694,-9.79681670800219
1165,74.55015445327643,47.037275841085034,6.092344106543679,127.67977440090515
1166,74.2757543750372,-38.86132614878293,-6.790744685437711,28.623683540816554
1167,74.0000857794135,-100.96256180930013,-2.2671713903681687,-29.2296474202548
1168,73.72314650182585,11.124844588439718,-0.9388443644173032,83.90914672584826
1169,73.44493437769478,-15.791586707409412,2.630293851261596,60.28364152154697
1170,73.16544724244102,118.57068562293985,2.5126620819879646,194.24879494736882
1171,72.88468293148532,-0.8456495401862867,-4.630584313629183,67.40844907766984
1172,72.60263928024818,-73.04635278968809,1.0716670589924786,0.6279535495525761
1173,72.31931412415037,-77.32883741202842,3.140209936325747,-1.8693133515523064
1174,72.03470529861232,-128.4291951905072,-0.04874090462035599,-56.44323079651522
1175,71.74881063905485,-6.7348220905963245,0.6606830838594046,65.67467163231794
1176,71.46162798089858,-15.549794046277569,-3.6255550251437474,52.28627890947727
1177,71.17315515956415,-120.98823864491395,-1.4803551361456224,-51.29543862149543
1178,70.88339001047217,-120.66789862486173,-0.9013085498262674,-50.685817164215834
1179,70.59233036904328,-88.3164505015722,4.276707545205248,-13.447412587323676
1180,70.29997407069811,-56.21633066827253,4.3587420657313025,18.442385468156882
1181,70.00631895085729,-84.88175192842532,-4.581171529145915,-19.45660450671394
1182,69.71136284494156,107.86985058054407,-0.15367291524483634,177.4275405102408
1183,69.41510358837144,24.42251472135854,-2.2802314268150594,91.55738688291491
1184,69.1175390165676,149.9113799022274,-0.12540943808811542,218.90350948070687
1185,68.81866696495075,96.97721829366198,3.4372826603880533,169.23316791900078
1186,68.51848526894145,133.76272789615905,-5.44588014451112,196.8353330205894
1187,68.21699176396038,-48.12203341325451,5.7913652430000715,25.88632359370594
1188,67.91418428542823,-59.85516232705464,-0.06465917734750527,7.994362781026086
1189,67.61006066876553,-88.78971096535422,0.27732569325221634,-20.902324603336474
1190,67.30461874939294,-74.70851229777334,-0.9485434320630918,-8.352436980443487
1191,66.99785636273117,38.173540617864816,-2.685819329127988,102.48557765146799
1192,66.68977134420084,-102.74236588933763,1.883229898218257,-34.169364646918545
1193,66.38036152922257,-39.242795444506214,1.2527476656138845,28.39031375033024
1194,66.069624753217,-102.04386616584432,-1.2334852169933708,-37.207726629620694
1195,65.75755885160481,-138.3298618403552,-4.789632498990904,-77.36193548774128
1196,65.44416165980653,-12.405191073977793,2.1628973771012308,55.20186796292997
1197,65.12943101324288,-71.86820071847235,2.358673977821352,-4.38009572740812
1198,64.81336474733462,-144.20253258173057,3.9068847449582997,-75.48228308943764
1199,64.4959606975022,76.53300205496049,-1.2639763026112667,139.76498644985142
1200,64.17721669916625,-97.06573797304667,-1.409445729566191,-34.29796700344661
1201,63.85713058774758,65.45615854986139,-0.34059025367757395,128.9726988839314
1202,63.535700198666746,74.30186780221308,-5.317642885328686,132.51992511555113
1203,63.21292336734433,-114.29036269088233,4.530768081988964,-46.546671241549035
1204,62.88879792920113,-53.45525070003145,-0.9579785876009033,8.47556864156878
1205,62.56332171965761,98.19012590254566,1.1190390217097719,161.87248664391305
1206,62.236492574134445,-134.23882938622393,2.6849094635202153,-69.31742734856927
1207,61.908308328052385,-85.77632046462786,-5.855681012713573,-29.723693149289048
1208,61.578766816832,15.106813509455352,3.6889854055069353,80.37456573179429
1209,61.24786587589398,-2.6474413312981113,-3.283018144274109,55.31740640032176
1210,60.91560334065878,20.457397493603228,4.154078541854182,85.52707937611618
1211,60.58197704654731,-23.90555555850542,3.9659565341568137,40.642378022198706
1212,60.246984828979976,4.292531738918014,-5.553696222819895,58.985820345078096
1213,59.91062452337758,-145.7120910451565,-3.6706637768069847,-89.47213029858592
1214,59.572893965160745,-105.4054638006634,0.32097634200568903,-45.51159349349697
1215,59.233790989749934,27.444188949038363,6.891920275675437,93.56990021446373
1216,58.89331343256606,29.861006733235122,-2.869229783301956,85.88509038249921
1217,58.55145912902958,106.82616429350128,-4.285140033302966,161.09248338922788
1218,58.20822591456118,122.17078584496689,3.516719857710429,183.89573161723848
1219,57.86361162458144,-138.7265122301215,1.7383803444470987,-79.12452026109297
1220,57.517614094511146,37.071199639185316,-0.9679061134658961,93.62090762023057
1221,57.17023115977088,46.774830158678306,3.8536540161476056,107.79871533459678
1222,56.82146065578115,32.57979456875454,-8.357599753074718,81.04365547146097
1223,56.47130041796282,-42.180364676198394,1.4569820752782066,15.747917817042635
1224,56.11974828173635,-66.4245848433153,0.27750756374009267,-10.02732899783886
1225,55.766802082522474,-146.14393307937047,7.307730830332313,-83.06940016651568
1226,55.41245965574183,-142.2073004893586,-2.946507357328988,-89.74134819094576
1227,55.05671883681498,47.01419483176988,-4.135833611836792,97.93508005674808
1228,54.699577461162676,137.92123357648083,-0.416645229751973,192.20416580789154
1229,54.34103336420543,-96.91942276208678,-2.9059705572546823,-45.484359955136036
1230,53.981084381363985,6.366688765251922,8.895357024451817,69.24313017106772
1231,53.61972834805903,70.03180313997078,-1.9666038039201392,121.68492768410967
1232,53.25696309971107,101.25470349950285,3.684267406266024,158.19593400547996
1233,52.89278647174075,-146.76389884853023,-10.351406168913172,-104.22251854570266
1234,52.52719629956886,28.13371453114614,4.241105295959045,84.90201612667404
1235,52.160190418615855,126.21460075347969,-0.7283619591858739,177.64642921290968
1236,51.79176666430254,54.316775098549684,0.6637562796063384,106.77229804245856
1237,51.421922872049436,-90.84727392844943,5.270157591484353,-34.155193464915634
1238,51.05065687727722,75.64732459293104,-2.3902047399985795,124.30777673020968
1239,50.67796651540658,60.909578017887306,-4.896700363023339,106.69084417027054
1240,50.30384962185809,-136.12326618155882,-3.808911293159161,-89.62832785285988
1241,49.92830403205244,-96.96326036041114,8.673305010486347,-38.36165131787236
1242,49.55132758141019,91.34656199222087,-1.4036894038020165,139.49420016982904
1243,49.17291810535215,-123.42969838242857,2.8574313805094844,-71.39934889656693
1244,48.79307343929878,59.13629781948898,-0.911792487377216,107.01757877141056
1245,48.411791418670816,103.93070119631693,-3.2104807937729087,149.13201182121483
1246,48.02906987888883,-67.19558947119809,-3.770163548032523,-22.93668314034178
1247,47.64490665537352,-40.25142018421121,4.241538454991524,11.635024926153829
1248,47.25929961098568,128.56566124396275,-1.84837082249187,173.97659003245656
1249,46.872254795703476,25.32156938081902,6.590111926017939,78.78393610254044
1250,46.48379785544573,-145.25675336746272,-4.846912099042607,-103.6198676110596
1251,46.093957306669616,-67.65089621535812,-1.7044938247101051,-23.261432733398607
1252,45.702761665832305,101.55906722563266,0.6389468176984748,147.90077570916344
1253,45.31023944939099,46.54701594118953,2.252668590046868,94.10992398062739
1254,44.91641917380286,49.521966955140385,-0.10292529236843201,94.33546083657482
1255,44.52132935552508,-55.20409699893301,1.469755059659979,-9.213012583747949
1256,44.12499851101485,-65.46871988183636,-5.523008825470763,-26.866730196292274
1257,43.727455156729334,78.66284002406194,5.221513884839893,127.61180906563116
1258,43.32872780912573,135.61925944771232,-4.06207767935123,174.8859095774868
1259,42.92884498466122,139.57017730369822,-0.36794455147022886,182.1310777368892
1260,42.527835199792975,141.7756457325757,1.3496253307544348,185.6531062631231
1261,42.125726970978164,66.84162325676999,6.754738890133018,115.72208911788117
1262,41.722548814674006,-28.36528391853328,-2.67966136004414,10.677603536096587
1263,41.31832924733766,-15.607416718231981,-4.7125144582137874,20.998398070891888
1264,40.91309678542631,-50.3050702756375,-0.9273434466605476,-10.319316936871733
1265,40.50687994539714,126.65152146734661,-1.8028495009272545,165.3555519118165
1266,40.09970724370733,28.47181287976903,8.787392566478408,77.35891268995476
1267,39.69160719681407,20.211309698820543,-3.735306492827949,56.16761040280666
1268,39.28260832117453,43.8636628884057,-3.1149395433321874,80.03133166624804
1269,38.87273913324589,9.227819696028007,0.6946698100265772,48.79522863930047
1270,38.462028149485356,49.64009932266661,1.7865437846093832,89.88867125676134
1271,38.050503886350086,-23.917136788176535,3.2573886529392846,17.390755751112835
1272,37.63819486029727,-94.45081476387044,-0.7973023487944199,-57.60992225236759
1273,37.22512958778409,141.72689941635647,-1.8112972197807267,177.14073178435984
1274,36.811336585267725,139.1444309494824,-2.2923201488226836,173.66344738592744
1275,36.39684436920537,58.87367383133099,-1.5588695093188027,93.71164869121756
1276,35.98168145605419,99.83682227405707,5.79973110067903,141.6182348307903
1277,35.565876362271375,-85.27253594783187,-6.293868165035685,-56.00052775059618
1278,35.14945760431411,67.17912743202884,2.9272761870970876,105.25586122344004
1279,34.73245369863957,-68.17839256760554,7.653485847875958,-25.79245302109002
1280,34.314893161704944,-25.091807281708036,-10.363058545631384,-1.1399726656344757
1281,33.89680450996741,-138.38907089914673,3.734928241914128,-100.75733814726519
1282,33.47821625988414,99.43820189982489,-2.648956598114673,130.26746156159436
1283,33.05915692791234,-30.78911300152214,0.4924369398875258,2.762480866277727
1284,32.639655030509175,40.63637383329733,4.163374765233875,77.43940362904037
1285,32.21973908413183,128.01321583615672,-1.002564321584997,159.23039059870354
1286,31.799437605237486,77.91726135688788,-0.6056049242076982,109.11109403791767
1287,31.378779110283332,-0.009181842292228737,7.990775254072606,39.36037252206371
1288,30.957792115726544,-128.77564699354642,-14.629090160288765,-112.44694503810864
1289,30.536505138024307,-34.13068867575488,2.1253928466895826,-1.4687906910409931
1290,30.11494669363379,-131.4516100926119,-2.86877449274106,-104.20543789171917
1291,29.693145299012194,154.6904103656389,6.948239009543706,191.3317946741948
1292,29.271129470616692,28.38044240974557,5.722874982061472,63.37444686242373
1293,28.848927724904467,22.27648462495896,-0.5866978715579231,50.5387144783055
1294,28.426568578332706,37.564402874517086,-5.33404976907585,60.656921683773945
1295,28.00408054735858,55.38913664622837,-1.0119734002372365,82.38124379334971
1296,27.58149214843928,120.16506867994464,-2.904027249788,144.84253357859592
1297,27.158831898031984,-80.41859867509957,3.959736523691363,-49.30003025337623
1298,26.736128312593884,-14.649023024309923,-3.956636547638085,8.130468740645876
1299,26.313409908582145,82.91523688405789,3.809740189886845,113.03838698252687
1300,25.890705202453958,-90.9016173664551,1.6117378545452126,-63.39917430945593
1301,25.468042710666506,-57.726576982386845,2.498104468965527,-29.76042980275481
1302,25.045450949676972,-77.64793032522405,-1.039360996254084,-53.64184037180116
1303,24.622958435942532,26.24924294143812,-3.0880462339000134,47.78415514348063
1304,24.200593685920374,58.192142426553175,0.10905073647466428,82.50178684894823
1305,23.77838521606768,-66.76733017683972,-2.1560582380640017,-45.145003198836044
1306,23.356361542841626,85.54717524849646,-3.968333489087695,104.93520330225039
1307,22.9345511826994,-5.970827528598956,4.947838589050244,21.91156224315069
1308,22.51298265209818,34.92347686304717,0.6362404477374906,58.072699962882844
1309,22.091684467495156,108.67139089820799,1.918260347149957,132.6813357128531
1310,21.670685145347495,24.783411082731938,-0.6071796682134628,45.846916559865974
1311,21.2500132021124,-49.69446764187268,8.17651078225632,-20.267943657503956
1312,20.829697154247032,-1.6127079637116957,-5.389621273624284,13.827367916911053
1313,20.409765518208584,62.507875616672834,-7.210253871360542,75.70738726352089
1314,19.990246810454238,52.89473727567652,0.7458675222741709,73.63085160840492
1315,19.571169547441176,13.895156659121309,-2.6474592437155655,30.81886696284692
1316,19.152562245626576,27.476796262100457,1.015492817094747,47.64485132482178
1317,18.734453421467627,-130.89823634122632,4.093789156118654,-108.06999376364003
1318,18.3168715914215,17.93622573745793,5.077047826818517,41.33014515569795
1319,17.899845271945388,71.53288649818748,-0.33438138603087436,89.098350384102
1320,17.483402979496464,43.66389132111889,-0.3811928911779317,60.766101409437425
1321,17.067573230531924,-4.902119402464763,-4.832196466774791,7.33325736129237
1322,16.652384541508933,-149.472830980031,-2.3015971142322034,-135.1220435527543
1323,16.237865428884685,-95.92733664085715,4.392576395117269,-75.29689481685519
1324,15.824044409116354,77.35828718525917,-2.1274044360614526,91.05492715831407
1325,15.410949998661131,72.92421050891161,-5.712223742077207,82.62293676549552
1326,14.998610713976188,26.05951177439212,5.8622582670449885,46.9203807554133
1327,14.587055071518717,134.5656636806541,6.048361783002305,155.2010805351751
1328,14.176311587745893,69.93398172999832,-6.083314155274235,78.02697916246997
1329,13.7664087791149,9.179900980883772,4.489678612117603,27.435988372116277
1330,13.35737516208292,37.529053921356095,-3.5835011661963176,47.30292791724269
1331,12.949239253107145,-49.74998566199363,0.4287009864333044,-36.372045422453176
1332,12.54202956864473,-140.68931405301743,-1.9925230687512714,-130.13980755312397
1333,12.135774625152887,-120.73451343911857,0.2055492530586867,-108.39318956090699
1334,11.730502939088783,134.50485705245447,-3.479010673050886,142.75634931849237
1335,11.326243026909605,58.371562777977424,6.34300549191662,76.04081129680364
1336,10.923023405072524,-56.97008431802794,-0.2861424586375131,-46.33320337159293
1337,10.520872590034738,-93.68715896795567,0.5854223459272432,-82.58086403199368
1338,10.119819098253421,-92.76388574237032,2.446037859919455,-80.19802878419745
1339,9.719891446185756,63.64361673608496,-6.183351274752259,67.18015690751847
1340,9.321118150288918,107.18679808291927,-4.071040886718325,112.43687534648987
1341,8.923527727020105,-43.01774818913456,9.782160670918278,-24.31205979119617
1342,8.527148692836487,-46.52268370081546,-3.6876949427444594,-41.68322995072343
1343,8.132009564195252,41.4153354170699,-3.178940241432831,46.368404739832314
1344,7.7381388575535714,41.2763566388111,3.3784508532590953,52.39294634962377
1345,7.345565089368641,8.206556151257331,0.7352632154333912,16.287384456059364
1346,6.954316776097637,72.05640481423822,-1.5864080221372083,77.42431356819866
1347,6.564422434197742,137.00892335504784,1.0857167905043192,144.6590625797499
1348,6.175910580126129,73.6475211855308,-1.6313176230564674,78.19211414260047
1349,5.788809730339998,-149.72482852466624,4.165339684152867,-139.77067911017338
1350,5.4031484012965185,0.06871226935135155,-5.4853064741614075,-0.013445803513537413
1351,5.018955109452879,100.28034373131743,1.8581304971845316,107.15742933795484
1352,4.6362583712662495,21.686681799334806,4.802837283926292,31.12577745452735
1353,4.255086703193827,72.2145439323118,-6.512708225509887,69.95692240999574
1354,3.875468621692786,-2.912866561115635,1.1906257211829574,2.1532277817601084
1355,3.4974326432203124,77.49045043597891,1.007904197614559,81.99578727681379
1356,3.1210072842335776,38.67002408882853,-2.607084156511669,39.183947216550436
1357,2.746221061189779,74.46443969016418,1.674267400930817,78.88492815228479
1358,2.3731024905460902,132.85191673386214,3.2493855616704947,138.47440478607874
1359,2.001680088759696,139.8691669035009,-1.06013179569668,140.8107151965639
1360,1.6319823722877684,-50.70586043258025,-5.79219021569243,-54.866068275984915
1361,1.2640378575875069,62.375149434405316,8.658821396134256,72.29800868812708
1362,0.897875061116082,-8.404901703589204,-0.7425088864326959,-8.249535528905817
1363,0.5335224993306804,77.63940109134009,-5.111279835160423,73.06164375551036
1364,0.17100868868848096,-25.057346249669394,1.9803628095222712,-22.90597475145864
1365,-0.18963785435333858,21.575410602490383,-0.905903515463271,20.47986923267377
1366,-0.5483886133375862,64.19375070068817,-1.4176824391413623,62.227679648209225
1367,-0.905215071807083,-135.4406503880534,0.13034914801884778,-136.21551631184164
1368,-1.260088713304647,-9.453548067928025,8.008977738554325,-2.7046590426783474
1369,-1.6129810213731055,29.351853215557664,-14.245740584503237,13.493131609681322
1370,-1.963863479555263,-62.35806019319489,4.716762722852393,-59.60516094989775
1371,-2.31270757139394,73.13249460097208,8.972544304300513,79.79233133387865
1372,-2.659484780431958,98.75125755556482,-0.0013508373627930926,96.09042193777007
1373,-3.0041665902121437,-33.81836163961937,-2.3220363867855975,-39.14456461661711
1374,-3.3467244842772956,74.01944576763225,-4.737276841755489,65.93544444159946
1375,-3.687129946170243,15.928045707008792,-4.913973209885392,7.326942550953157
1376,-4.025354459433803,15.568543725557483,7.5073382829755015,19.05052754909918
1377,-4.361369507610798,-42.33230204562485,-1.1916103766131234,-47.885281929848766
1378,-4.695146574244035,64.211255129211,3.9164236076336865,63.43253216260065
1379,-5.0266571428763385,54.85590360212698,-8.321895807882052,41.50735065136859
1380,-5.355872697050522,76.85459029640826,-0.32784300780623543,71.17087459155151
1381,-5.682764720309416,47.716105524616935,7.3038632996145685,49.33720410392209
1382,-6.007304696195828,138.82822878685053,-1.6036094155133571,131.21731467514135
1383,-6.329464108252575,-3.0568414301105236,3.4843572795369075,-5.901948258826191
1384,-6.649214440022478,-55.88723592345844,-1.7043461317194448,-64.24079649520036
1385,-6.966527175048357,-148.44680905478785,-0.9207933090310441,-156.33412953886724
1386,-7.281373796873025,-125.29742119280986,-3.645083730697469,-136.22387872038036
1387,-7.593725789039295,55.60376840640346,0.5163858220411417,48.52642843940531
1388,-7.903554635090003,134.9245640063574,-5.237525974952793,121.78348339631461
1389,-8.210831818567957,-22.298831442123305,6.449156070921522,-24.06050718976974
1390,-8.515528823015968,47.21300224670363,1.2008390799002746,39.89831250358794
1391,-8.817617131976858,77.11361896164581,1.1543817651444017,69.45038359481336
1392,-9.117068228993453,52.12473883268457,2.6011723603236465,45.60884296401476
1393,-9.413853597608568,74.42389645233064,-8.612186901734157,56.39785595298792
1394,-9.707944721365012,15.704307824501448,4.273001357347575,10.269364460484013
1395,-9.999313083805614,65.6649856104712,2.027064590962967,57.69273711762855
1396,-10.287930168473178,53.03122771701695,-1.3981818350081743,41.34511571353559
1397,-10.573767458910533,-71.54494082153599,-2.591303597831821,-84.71001187827835
1398,-10.856796438660506,134.35619130459264,-1.1794406845148977,122.31995418141723
1399,-11.136988591265894,-33.906235988624644,0.35976324250120506,-44.68346133738933
1400,-11.414315400269523,-134.58850894917984,2.340944834239943,-143.66187951520942
1401,-11.688748349214215,129.3704886789786,-1.4527271904648948,116.22901313929948
1402,-11.960258921642794,-38.34730081568141,7.444414454170393,-42.863145283153806
1403,-12.228818601098062,32.41940129771764,-3.632205066129941,16.558377630489638
1404,-12.49439887112284,-90.28766262863724,-1.5839701062382787,-104.36603160599836
1405,-12.756971215259956,-27.57737747894632,-2.7425789329389927,-43.07692762714527
1406,-13.016507117052225,-82.44256207176606,-0.8094359606075976,-96.26850514942589
1407,-13.272978060042458,-59.71350101244754,0.7996619938649331,-72.18681707862507
1408,-13.526355527773472,-89.33576126280767,4.131887523913249,-98.73022926666789
1409,-13.776611003788094,17.41238864386817,0.31076788645148645,3.946545526531562
1410,-14.023715971629152,103.58158839462439,-3.005958287432335,86.55191413556291
1411,-14.267641914839427,-21.4075519189158,-2.933509035461206,-38.60870286921644
1412,-14.508360316961781,-88.10595765171294,3.4511818788702846,-99.16313608980444
1413,-14.745842661538994,38.28513629748417,-0.8797382221117553,22.659555413833424
1414,-14.980060432113909,-14.429573658954354,6.547110025311202,-22.86252406575706
1415,-15.210985112229338,34.19415062704011,-8.71686170263084,10.266303812179931
1416,-15.438588185428088,62.30775034702806,4.927780302471649,51.79694246407162
1417,-15.662841135252986,68.18966154196987,-0.438552452138395,52.088267954578484
1418,-15.883715445246857,-20.44914114881025,0.6861398111949988,-35.64671678286211
1419,-16.10118259895252,155.385298235444,-6.131223845759229,133.15289179073227
1420,-16.315214079912774,-71.38930182605678,0.49457434706924247,-87.20994155890031
1421,-16.525781371670444,-55.83020201089343,0.21924249970358586,-72.1367408828603
1422,-16.73285595776836,-88.70927001606412,6.49376785880767,-98.94835811502482
1423,-16.936409321749323,55.58177735954311,3.2999004878703198,41.945268525664105
1424,-17.136412947156163,-129.5878776842002,-5.594353423294623,-152.318644054651
1425,-17.332838317531696,-36.700766519418494,-2.1855933529557676,-56.21919818990596
1426,-17.52565691641873,-75.9306207841918,2.2446308614806223,-91.21164683912991
1427,-17.714840227360096,-4.5115001502557135,-7.408914290631571,-29.63525466824738
1428,-17.900359733898604,-80.52513765340693,7.105614149630919,-91.31988323767462
1429,-18.082186919577094,-65.07092456502119,-1.39237259346417,-84.54548407806246
1430,-18.260293267938348,-149.7147450164283,2.798638332472242,-165.1763999518944
1431,-18.434650262525206,100.8200231757449,-2.1735472087004832,80.2118257045192
1432,-18.605229386880477,111.90879465256512,1.1237719154347285,94.42733718111937
1433,-18.772002124546987,132.4338989340502,2.3762671153524413,116.03816392485567
1434,-18.934939959067535,137.87560469919129,-0.1432391741871859,118.79742556593656
1435,-19.094014373984965,-22.0778215602364,-9.52978811150923,-50.7016240457306
1436,-19.24919685284209,66.42832243224565,9.708042405596913,56.887167985000474
1437,-19.400458879181727,-62.28592333090429,-10.34239938948619,-92.0287815995722
1438,-19.547771936546674,-105.09471029097006,4.006491797234128,-120.63599043028259
1439,-19.69110750847976,48.669338944633346,5.270627064483941,34.248858500637525
1440,-19.830437078523815,-14.65269930749416,3.0895678504733035,-31.39356853554467
1441,-19.965732130221646,-53.66226162402292,-2.2487684021815473,-75.87676215642611
1442,-20.09696414711607,70.43810470760789,-1.7973318384912664,48.543808722000556
1443,-20.224104612749912,-31.155698744849666,-6.816247875804836,-58.19605123340441
1444,-20.347125010665984,119.83850796265867,3.4579659337982642,102.94934888579094
1445,-20.46599682440712,140.0288610717168,2.9653300875818993,122.52819433489158
1446,-20.580691537516103,-34.46521118295729,1.3285264010878137,-53.71737631938558
1447,-20.691180633535787,-1.4722538433259817,-4.260763516598955,-26.424197993460723
1448,-20.797435596008967,-42.10468921252145,2.781827504535284,-60.12029730399513
1449,-20.899427908478472,-62.79244828444057,-1.7092764174063968,-85.40115261032544
1450,-20.997129054487118,-141.2462649831366,-2.269500621391482,-164.5128946590152
1451,-21.090510517577712,-144.636353087146,5.759816477350953,-159.96704712737275
1452,-21.179543781293084,96.41888491470525,1.2186695344937064,76.45801066790585
1453,-21.26420032917607,109.33362310792657,-3.0748346414460204,84.99458813730448
1454,-21.344451644769457,-118.6688683645616,1.2213310023659725,-138.79198900696508
1455,-21.420269211616066,-122.49188088567095,-6.673329751904918,-150.58547984919196
1456,-21.491624513258735,-148.93048249135813,1.2493272850852706,-169.1727797195316
1457,-21.55848903324025,-21.76489101077823,-0.2383242206898482,-43.561704264708325
1458,-21.620834255103453,-67.02675737564317,9.994467387509617,-78.65312424323702
1459,-21.67863166239116,-46.14340543007729,-4.903192932917933,-72.72523002538638
1460,-21.73185273864619,-58.01068869747529,0.47359048819242844,-79.26895094792906
1461,-21.78046896741136,-33.60450562037715,-1.1840446858238303,-56.569019273612334
1462,-21.824451832229492,92.22880354130719,-1.5592003823006941,68.84515132677701
1463,-21.863772816643383,-140.64619507889813,-3.45735886082085,-165.96732675636235
1464,-21.898403404195868,136.59034308432615,1.9294323379977223,116.621372018128
1465,-21.928315078429762,50.64296629507052,6.176471980219255,34.891123196860015
1466,-21.953479322887887,-29.61458835570729,-1.5910294817266355,-53.159097160321814
1467,-21.97386762111305,-63.68431674301467,-3.4622264740515987,-89.12041083817932
1468,-21.989451456648077,38.00745928374896,0.058057137008006784,16.076064964108888
1469,-22.000202313035786,-61.199674833584936,-2.229245625926991,-85.42912277254771
1470,-22.006091673819,94.87835462706414,10.684708027506572,83.55697098075171
1471,-22.00709102254053,29.55364842778605,-5.746247274182659,1.8003101310628633
1472,-22.003171842743193,103.00839377493458,-4.782336989518368,76.222884942673
1473,-21.994305617969808,78.19555793641507,1.2968602473816315,57.498112565826894
1474,-21.98046383176319,-27.321520076826516,1.6090081773980653,-47.69297573119164
1475,-21.961617967666157,43.78773432866613,0.3264613140460885,22.152577675046064
1476,-21.937739509221537,-63.77501567352973,1.1333991573546809,-84.57935602539659
1477,-21.908799939972134,-119.09725104076068,-1.0650865576908044,-142.0711375384236
1478,-21.874770743460786,18.70794384075662,1.5613406441827808,-1.6054862585213852
1479,-21.835623403230286,-80.79090089396736,-1.8947425100034723,-104.52126680720112
1480,-21.791329402823465,-34.478430826388085,-1.170032715551432,-57.43979294476298
1481,-21.741860225783157,105.25441585422615,-1.9051196952153477,81.60743593322765
1482,-21.68718735565215,-103.9467138556222,8.41126260950512,-117.22263860176923
1483,-21.627282275973272,-59.95751701692638,-0.5802673160464802,-82.16506660894612
1484,-21.562116470289332,63.78741077773273,-7.576921499639836,34.64837280780356
1485,-21.49166142214319,141.70030567217373,1.1810452746222677,121.38968952465281
1486,-21.41588861507762,140.6931389384902,-2.684381776334187,116.59286854707838
1487,-21.334769532635462,-95.60525271505787,7.482361493099736,-109.4576607545936
1488,-21.248275658359518,-141.50175368747495,-1.6220219060836907,-164.37205125191815
1489,-21.156378475792607,-8.011000880223747,1.3167657544026106,-27.850613601613745
1490,-21.05904946847754,-26.270920233308303,-4.794681251039004,-52.124650952824844
1491,-20.956260119957193,-14.655763341308795,0.2515265046843717,-35.36049695658162
1492,-20.84798191377429,-67.63386373906386,5.3389611889879935,-83.14288446385015
1493,-20.734186333471726,-47.69602493905985,-0.8350644516859941,-69.26527572421757
1494,-20.614844862592278,141.2519863601641,-2.1953033655042833,118.44183813206753
1495,-20.489928984678826,-142.0620808700521,-4.943479910898041,-167.495489765629
1496,-20.35941018327408,-9.71679639682327,1.3678500168421608,-28.708356563255187
1497,-20.22325994192093,38.17551112886397,5.646906230070172,23.59915741701321
1498,-20.081449744162185,-60.08657630417914,-3.6107541964909697,-83.77878024483229
1499,-19.93395107354067,70.57622271478513,4.307647741193241,54.949919382437706
1500,-19.78073541359919,-69.20079152286868,0.022929571984949538,-88.95859736448293
